examples/data/Demogrid_a.grd
DSAA
100 78
0.0 9.0
0.0 7.0
25.0 104.9000015258789
[rows 51 to 67 of 78, columns 0 to 36 of 100]
8.612000274658203125e+01 8.551000213623046875e+01 8.487000274658203125e+01 8.420999908447265625e+01 8.351000213623046875e+01 8.277999877929687500e+01 8.201999664306640625e+01 8.123999786376953125e+01 8.044000244140625000e+01 7.961000061035156250e+01 7.877999877929687500e+01 7.794000244140625000e+01 7.708999633789062500e+01 7.623999786376953125e+01 7.538999938964843750e+01 7.454000091552734375e+01 7.369000244140625000e+01 7.283999633789062500e+01 7.198999786376953125e+01 7.115000152587890625e+01 7.030999755859375000e+01 6.950000000000000000e+01 6.872000122070312500e+01 6.801999664306640625e+01 6.748999786376953125e+01 6.725000000000000000e+01 6.723999786376953125e+01 6.734999847412109375e+01 6.754000091552734375e+01 6.779000091552734375e+01 6.808000183105468750e+01 6.841999816894531250e+01 6.879000091552734375e+01 6.919000244140625000e+01 6.962000274658203125e+01 7.005999755859375000e+01 7.051000213623046875e+01
8.548000335693359375e+01 8.490000152587890625e+01 8.429000091552734375e+01 8.366000366210937500e+01 8.301000213623046875e+01 8.233000183105468750e+01 8.162000274658203125e+01 8.088999938964843750e+01 8.012999725341796875e+01 7.934999847412109375e+01 7.856999969482421875e+01 7.777999877929687500e+01 7.698999786376953125e+01 7.620999908447265625e+01 7.543000030517578125e+01 7.465000152587890625e+01 7.387000274658203125e+01 7.309999847412109375e+01 7.233000183105468750e+01 7.155999755859375000e+01 7.080999755859375000e+01 7.008000183105468750e+01 6.940000152587890625e+01 6.880999755859375000e+01 6.836000061035156250e+01 6.809999847412109375e+01 6.801999664306640625e+01 6.805999755859375000e+01 6.819000244140625000e+01 6.837999725341796875e+01 6.861000061035156250e+01 6.888999938964843750e+01 6.919000244140625000e+01 6.951999664306640625e+01 6.986000061035156250e+01 7.020999908447265625e+01 7.056999969482421875e+01
8.483999633789062500e+01 8.427999877929687500e+01 8.369999694824218750e+01 8.311000061035156250e+01 8.248999786376953125e+01 8.186000061035156250e+01 8.120999908447265625e+01 8.051999664306640625e+01 7.980999755859375000e+01 7.906999969482421875e+01 7.833000183105468750e+01 7.759999847412109375e+01 7.687999725341796875e+01 7.616999816894531250e+01 7.545999908447265625e+01 7.476000213623046875e+01 7.405999755859375000e+01 7.337000274658203125e+01 7.268000030517578125e+01 7.198999786376953125e+01 7.131999969482421875e+01 7.068000030517578125e+01 7.008999633789062500e+01 6.958000183105468750e+01 6.918000030517578125e+01 6.891999816894531250e+01 6.880000305175781250e+01 6.877999877929687500e+01 6.884999847412109375e+01 6.898000335693359375e+01 6.915000152587890625e+01 6.936000061035156250e+01 6.958999633789062500e+01 6.983999633789062500e+01 7.009999847412109375e+01 7.036000061035156250e+01 7.062000274658203125e+01
8.419000244140625000e+01 8.365000152587890625e+01 8.309999847412109375e+01 8.252999877929687500e+01 8.195999908447265625e+01 8.137999725341796875e+01 8.077999877929687500e+01 8.015000152587890625e+01 7.945999908447265625e+01 7.876000213623046875e+01 7.806999969482421875e+01 7.740000152587890625e+01 7.673999786376953125e+01 7.609999847412109375e+01 7.547000122070312500e+01 7.486000061035156250e+01 7.425000000000000000e+01 7.363999938964843750e+01 7.302999877929687500e+01 7.243000030517578125e+01 7.183999633789062500e+01 7.127999877929687500e+01 7.075000000000000000e+01 7.030000305175781250e+01 6.994000244140625000e+01 6.969000244140625000e+01 6.954000091552734375e+01 6.948000335693359375e+01 6.948999786376953125e+01 6.956999969482421875e+01 6.969000244140625000e+01 6.983000183105468750e+01 6.998999786376953125e+01 7.016999816894531250e+01 7.033999633789062500e+01 7.051999664306640625e+01 7.069000244140625000e+01
8.354000091552734375e+01 8.301000213623046875e+01 8.248000335693359375e+01 8.193000030517578125e+01 8.138999938964843750e+01 8.084999847412109375e+01 8.031999969482421875e+01 7.973000335693359375e+01 7.905000305175781250e+01 7.840000152587890625e+01 7.776999664306640625e+01 7.716000366210937500e+01 7.656999969482421875e+01 7.601000213623046875e+01 7.545999908447265625e+01 7.493000030517578125e+01 7.441999816894531250e+01 7.390000152587890625e+01 7.337999725341796875e+01 7.286000061035156250e+01 7.234999847412109375e+01 7.184999847412109375e+01 7.138999938964843750e+01 7.098000335693359375e+01 7.063999938964843750e+01 7.038999938964843750e+01 7.023000335693359375e+01 7.013999938964843750e+01 7.012000274658203125e+01 7.015000152587890625e+01 7.020999908447265625e+01 7.030000305175781250e+01 7.040000152587890625e+01 7.050000000000000000e+01 7.059999847412109375e+01 7.069000244140625000e+01 7.076000213623046875e+01
8.287000274658203125e+01 8.236000061035156250e+01 8.183000183105468750e+01 8.130999755859375000e+01 8.077999877929687500e+01 8.026000213623046875e+01 7.973000335693359375e+01 7.916999816894531250e+01 7.856999969482421875e+01 7.798000335693359375e+01 7.741000366210937500e+01 7.686000061035156250e+01 7.634999847412109375e+01 7.587000274658203125e+01 7.541000366210937500e+01 7.498000335693359375e+01 7.455999755859375000e+01 7.413999938964843750e+01 7.372000122070312500e+01 7.327999877929687500e+01 7.283000183105468750e+01 7.238999938964843750e+01 7.197000122070312500e+01 7.159999847412109375e+01 7.127999877929687500e+01 7.104000091552734375e+01 7.087000274658203125e+01 7.076000213623046875e+01 7.070999908447265625e+01 7.069999694824218750e+01 7.072000122070312500e+01 7.076000213623046875e+01 7.080000305175781250e+01 7.083999633789062500e+01 7.086000061035156250e+01 7.086000061035156250e+01 7.084999847412109375e+01
8.219999694824218750e+01 8.168000030517578125e+01 8.116999816894531250e+01 8.065000152587890625e+01 8.012999725341796875e+01 7.962000274658203125e+01 7.909999847412109375e+01 7.856999969482421875e+01 7.802999877929687500e+01 7.748999786376953125e+01 7.698000335693359375e+01 7.651000213623046875e+01 7.606999969482421875e+01 7.566999816894531250e+01 7.530999755859375000e+01 7.498000335693359375e+01 7.466000366210937500e+01 7.434999847412109375e+01 7.401999664306640625e+01 7.366999816894531250e+01 7.327999877929687500e+01 7.288999938964843750e+01 7.250000000000000000e+01 7.215000152587890625e+01 7.184999847412109375e+01 7.162000274658203125e+01 7.144000244140625000e+01 7.133000183105468750e+01 7.126000213623046875e+01 7.123000335693359375e+01 7.122000122070312500e+01 7.122000122070312500e+01 7.119999694824218750e+01 7.118000030517578125e+01 7.112999725341796875e+01 7.105000305175781250e+01 7.094999694824218750e+01
8.151000213623046875e+01 8.098999786376953125e+01 8.048000335693359375e+01 7.995999908447265625e+01 7.944999694824218750e+01 7.894000244140625000e+01 7.844000244140625000e+01 7.793000030517578125e+01 7.743000030517578125e+01 7.694999694824218750e+01 7.650000000000000000e+01 7.608999633789062500e+01 7.572000122070312500e+01 7.541000366210937500e+01 7.513999938964843750e+01 7.491000366210937500e+01 7.470999908447265625e+01 7.451999664306640625e+01 7.430000305175781250e+01 7.402999877929687500e+01 7.369000244140625000e+01 7.331999969482421875e+01 7.295999908447265625e+01 7.262000274658203125e+01 7.233999633789062500e+01 7.212000274658203125e+01 7.194999694824218750e+01 7.183999633789062500e+01 7.176999664306640625e+01 7.173000335693359375e+01 7.169000244140625000e+01 7.166000366210937500e+01 7.161000061035156250e+01 7.152999877929687500e+01 7.141000366210937500e+01 7.125000000000000000e+01 7.105999755859375000e+01
8.080000305175781250e+01 8.029000091552734375e+01 7.976999664306640625e+01 7.925000000000000000e+01 7.873999786376953125e+01 7.823999786376953125e+01 7.773999786376953125e+01 7.726000213623046875e+01 7.679000091552734375e+01 7.634999847412109375e+01 7.594999694824218750e+01 7.558999633789062500e+01 7.529000091552734375e+01 7.505000305175781250e+01 7.487999725341796875e+01 7.476000213623046875e+01 7.469000244140625000e+01 7.462999725341796875e+01 7.454000091552734375e+01 7.434999847412109375e+01 7.404000091552734375e+01 7.368000030517578125e+01 7.331999969482421875e+01 7.300000000000000000e+01 7.273000335693359375e+01 7.252999877929687500e+01 7.237999725341796875e+01 7.229000091552734375e+01 7.223000335693359375e+01 7.218000030517578125e+01 7.215000152587890625e+01 7.208999633789062500e+01 7.201000213623046875e+01 7.187999725341796875e+01 7.169999694824218750e+01 7.147000122070312500e+01 7.118000030517578125e+01
8.008999633789062500e+01 7.956999969482421875e+01 7.904000091552734375e+01 7.851999664306640625e+01 7.801000213623046875e+01 7.750000000000000000e+01 7.701000213623046875e+01 7.654000091552734375e+01 7.608999633789062500e+01 7.568000030517578125e+01 7.531999969482421875e+01 7.501000213623046875e+01 7.476999664306640625e+01 7.459999847412109375e+01 7.450000000000000000e+01 7.448000335693359375e+01 7.454000091552734375e+01 7.463999938964843750e+01 7.470999908447265625e+01 7.462000274658203125e+01 7.430999755859375000e+01 7.391999816894531250e+01 7.355999755859375000e+01 7.325000000000000000e+01 7.301000213623046875e+01 7.283999633789062500e+01 7.273000335693359375e+01 7.266000366210937500e+01 7.262999725341796875e+01 7.259999847412109375e+01 7.256999969482421875e+01 7.251999664306640625e+01 7.241000366210937500e+01 7.225000000000000000e+01 7.201000213623046875e+01 7.169999694824218750e+01 7.131999969482421875e+01
7.937000274658203125e+01 7.883999633789062500e+01 7.830000305175781250e+01 7.776999664306640625e+01 7.725000000000000000e+01 7.673999786376953125e+01 7.625000000000000000e+01 7.577999877929687500e+01 7.533999633789062500e+01 7.494999694824218750e+01 7.462000274658203125e+01 7.433999633789062500e+01 7.413999938964843750e+01 7.401999664306640625e+01 7.398999786376953125e+01 7.405000305175781250e+01 7.420999908447265625e+01 7.447000122070312500e+01 7.477999877929687500e+01 7.483999633789062500e+01 7.441000366210937500e+01 7.398000335693359375e+01 7.362999725341796875e+01 7.336000061035156250e+01 7.316000366210937500e+01 7.304000091552734375e+01 7.298000335693359375e+01 7.295999908447265625e+01 7.295999908447265625e+01 7.298000335693359375e+01 7.298000335693359375e+01 7.293000030517578125e+01 7.283000183105468750e+01 7.262999725341796875e+01 7.233000183105468750e+01 7.194999694824218750e+01 7.148000335693359375e+01
7.865000152587890625e+01 7.809999847412109375e+01 7.755000305175781250e+01 7.700000000000000000e+01 7.647000122070312500e+01 7.594000244140625000e+01 7.544000244140625000e+01 7.497000122070312500e+01 7.454000091552734375e+01 7.416000366210937500e+01 7.383000183105468750e+01 7.356999969482421875e+01 7.340000152587890625e+01 7.330999755859375000e+01 7.331999969482421875e+01 7.343000030517578125e+01 7.365000152587890625e+01 7.397000122070312500e+01 7.438999938964843750e+01 7.455000305175781250e+01 7.413999938964843750e+01 7.376999664306640625e+01 7.348999786376953125e+01 7.329000091552734375e+01 7.316999816894531250e+01 7.312000274658203125e+01 7.312999725341796875e+01 7.316999816894531250e+01 7.323000335693359375e+01 7.330000305175781250e+01 7.334999847412109375e+01 7.333999633789062500e+01 7.325000000000000000e+01 7.302999877929687500e+01 7.268000030517578125e+01 7.220999908447265625e+01 7.163999938964843750e+01
7.791999816894531250e+01 7.734999847412109375e+01 7.677999877929687500e+01 7.622000122070312500e+01 7.566000366210937500e+01 7.512000274658203125e+01 7.461000061035156250e+01 7.412000274658203125e+01 7.368000030517578125e+01 7.329000091552734375e+01 7.295999908447265625e+01 7.270999908447265625e+01 7.254000091552734375e+01 7.245999908447265625e+01 7.248000335693359375e+01 7.261000061035156250e+01 7.283000183105468750e+01 7.312999725341796875e+01 7.344000244140625000e+01 7.356999969482421875e+01 7.345999908447265625e+01 7.327999877929687500e+01 7.313999938964843750e+01 7.305999755859375000e+01 7.304000091552734375e+01 7.308000183105468750e+01 7.316999816894531250e+01 7.329000091552734375e+01 7.343000030517578125e+01 7.356999969482421875e+01 7.368000030517578125e+01 7.373000335693359375e+01 7.368000030517578125e+01 7.345999908447265625e+01 7.305999755859375000e+01 7.248999786376953125e+01 7.180000305175781250e+01
7.719000244140625000e+01 7.659999847412109375e+01 7.601000213623046875e+01 7.541999816894531250e+01 7.483999633789062500e+01 7.427999877929687500e+01 7.373999786376953125e+01 7.323000335693359375e+01 7.276000213623046875e+01 7.236000061035156250e+01 7.201000213623046875e+01 7.175000000000000000e+01 7.156999969482421875e+01 7.148999786376953125e+01 7.150000000000000000e+01 7.162000274658203125e+01 7.181999969482421875e+01 7.208000183105468750e+01 7.233999633789062500e+01 7.251000213623046875e+01 7.258000183105468750e+01 7.258999633789062500e+01 7.261000061035156250e+01 7.266999816894531250e+01 7.277999877929687500e+01 7.293000030517578125e+01 7.311000061035156250e+01 7.331999969482421875e+01 7.354000091552734375e+01 7.376000213623046875e+01 7.395999908447265625e+01 7.409999847412109375e+01 7.412000274658203125e+01 7.393000030517578125e+01 7.344999694824218750e+01 7.276000213623046875e+01 7.194000244140625000e+01
7.647000122070312500e+01 7.584999847412109375e+01 7.523999786376953125e+01 7.462000274658203125e+01 7.401000213623046875e+01 7.341000366210937500e+01 7.283000183105468750e+01 7.230000305175781250e+01 7.180000305175781250e+01 7.136000061035156250e+01 7.098999786376953125e+01 7.069999694824218750e+01 7.050000000000000000e+01 7.038999938964843750e+01 7.038999938964843750e+01 7.048000335693359375e+01 7.066000366210937500e+01 7.090000152587890625e+01 7.116000366210937500e+01 7.138999938964843750e+01 7.158999633789062500e+01 7.176999664306640625e+01 7.194999694824218750e+01 7.216000366210937500e+01 7.238999938964843750e+01 7.266000366210937500e+01 7.294999694824218750e+01 7.326000213623046875e+01 7.356999969482421875e+01 7.387000274658203125e+01 7.415000152587890625e+01 7.438999938964843750e+01 7.454000091552734375e+01 7.444000244140625000e+01 7.383000183105468750e+01 7.297000122070312500e+01 7.201999664306640625e+01
7.575000000000000000e+01 7.511000061035156250e+01 7.445999908447265625e+01 7.380999755859375000e+01 7.316000366210937500e+01 7.251999664306640625e+01 7.191000366210937500e+01 7.133000183105468750e+01 7.079000091552734375e+01 7.030999755859375000e+01 6.990000152587890625e+01 6.956999969482421875e+01 6.933000183105468750e+01 6.919000244140625000e+01 6.916000366210937500e+01 6.923000335693359375e+01 6.938999938964843750e+01 6.962999725341796875e+01 6.991999816894531250e+01 7.022000122070312500e+01 7.054000091552734375e+01 7.086000061035156250e+01 7.119000244140625000e+01 7.154000091552734375e+01 7.191000366210937500e+01 7.230000305175781250e+01 7.269999694824218750e+01 7.309999847412109375e+01 7.350000000000000000e+01 7.387000274658203125e+01 7.420999908447265625e+01 7.451999664306640625e+01 7.477999877929687500e+01 7.500000000000000000e+01 7.404000091552734375e+01 7.304000091552734375e+01 7.200000000000000000e+01
7.505000305175781250e+01 7.437999725341796875e+01 7.369000244140625000e+01 7.300000000000000000e+01 7.230999755859375000e+01 7.162999725341796875e+01 7.097000122070312500e+01 7.033000183105468750e+01 6.973999786376953125e+01 6.920999908447265625e+01 6.875000000000000000e+01 6.837000274658203125e+01 6.808000183105468750e+01 6.790000152587890625e+01 6.783000183105468750e+01 6.787999725341796875e+01 6.802999877929687500e+01 6.827999877929687500e+01 6.861000061035156250e+01 6.900000000000000000e+01 6.941999816894531250e+01 6.987999725341796875e+01 7.034999847412109375e+01 7.084999847412109375e+01 7.134999847412109375e+01 7.187000274658203125e+01 7.237000274658203125e+01 7.287000274658203125e+01 7.333999633789062500e+01 7.376999664306640625e+01 7.413999938964843750e+01 7.444000244140625000e+01 7.461000061035156250e+01 7.450000000000000000e+01 7.384999847412109375e+01 7.291000366210937500e+01 7.187000274658203125e+01
