examples/data/Demogrid_a.grd
DSAA
100 78
0.0 9.0
0.0 7.0
25.0 104.9000015258789
[rows 0 to 16 of 78, columns 37 to 73 of 100]
4.609999847412109375e+01 4.536000061035156250e+01 4.566999816894531250e+01 4.704000091552734375e+01 4.841999816894531250e+01 4.981999969482421875e+01 5.122999954223632812e+01 5.263000106811523438e+01 5.402000045776367188e+01 5.540000152587890625e+01 5.675000000000000000e+01 5.806999969482421875e+01 5.934999847412109375e+01 6.059000015258789062e+01 6.177999877929687500e+01 6.293000030517578125e+01 6.404000091552734375e+01 6.483000183105468750e+01 6.309999847412109375e+01 6.134000015258789062e+01 5.956000137329101562e+01 5.775000000000000000e+01 5.593999862670898438e+01 5.413000106811523438e+01 5.233000183105468750e+01 5.054000091552734375e+01 4.875999832153320312e+01 4.702000045776367188e+01 4.529999923706054688e+01 4.361999893188476562e+01 4.195999908447265625e+01 4.031999969482421875e+01 4.147000122070312500e+01 4.331999969482421875e+01 4.515999984741210938e+01 4.697000122070312500e+01 4.875000000000000000e+01
4.636000061035156250e+01 4.597999954223632812e+01 4.633000183105468750e+01 4.741999816894531250e+01 4.872999954223632812e+01 5.013000106811523438e+01 5.154999923706054688e+01 5.297000122070312500e+01 5.438999938964843750e+01 5.579000091552734375e+01 5.715999984741210938e+01 5.849000167846679688e+01 5.977000045776367188e+01 6.100000000000000000e+01 6.215000152587890625e+01 6.318999862670898438e+01 6.401999664306640625e+01 6.416999816894531250e+01 6.313999938964843750e+01 6.159000015258789062e+01 5.988000106811523438e+01 5.811000061035156250e+01 5.631000137329101562e+01 5.450000000000000000e+01 5.270999908447265625e+01 5.093000030517578125e+01 4.918000030517578125e+01 4.747999954223632812e+01 4.584000015258789062e+01 4.427999877929687500e+01 4.290999984741210938e+01 4.211000061035156250e+01 4.272000122070312500e+01 4.424000167846679688e+01 4.600000000000000000e+01 4.779999923706054688e+01 4.959000015258789062e+01
4.693999862670898438e+01 4.684999847412109375e+01 4.724000167846679688e+01 4.811999893188476562e+01 4.929000091552734375e+01 5.059999847412109375e+01 5.199000167846679688e+01 5.340000152587890625e+01 5.481000137329101562e+01 5.620000076293945312e+01 5.756000137329101562e+01 5.886999893188476562e+01 6.011000061035156250e+01 6.125999832153320312e+01 6.229000091552734375e+01 6.311999893188476562e+01 6.361999893188476562e+01 6.354999923706054688e+01 6.277999877929687500e+01 6.152000045776367188e+01 5.997999954223632812e+01 5.831999969482421875e+01 5.659000015258789062e+01 5.484000015258789062e+01 5.309000015258789062e+01 5.136999893188476562e+01 4.970000076293945312e+01 4.809999847412109375e+01 4.661999893188476562e+01 4.533000183105468750e+01 4.434999847412109375e+01 4.397000122070312500e+01 4.443000030517578125e+01 4.559000015258789062e+01 4.711999893188476562e+01 4.879999923706054688e+01 5.050999832153320312e+01
4.759999847412109375e+01 4.766999816894531250e+01 4.811000061035156250e+01 4.890000152587890625e+01 4.995999908447265625e+01 5.118999862670898438e+01 5.252000045776367188e+01 5.388999938964843750e+01 5.527999877929687500e+01 5.663999938964843750e+01 5.797000122070312500e+01 5.922999954223632812e+01 6.040000152587890625e+01 6.145000076293945312e+01 6.233000183105468750e+01 6.297000122070312500e+01 6.325999832153320312e+01 6.309000015258789062e+01 6.241999816894531250e+01 6.134000015258789062e+01 5.997999954223632812e+01 5.843999862670898438e+01 5.681000137329101562e+01 5.513999938964843750e+01 5.347000122070312500e+01 5.183000183105468750e+01 5.027000045776367188e+01 4.881999969482421875e+01 4.752999877929687500e+01 4.647999954223632812e+01 4.579999923706054688e+01 4.563000106811523438e+01 4.604999923706054688e+01 4.702000045776367188e+01 4.834999847412109375e+01 4.988000106811523438e+01 5.147999954223632812e+01
4.824000167846679688e+01 4.841999816894531250e+01 4.890000152587890625e+01 4.966999816894531250e+01 5.066999816894531250e+01 5.184000015258789062e+01 5.311000061035156250e+01 5.443999862670898438e+01 5.579000091552734375e+01 5.711999893188476562e+01 5.840000152587890625e+01 5.959999847412109375e+01 6.068999862670898438e+01 6.163999938964843750e+01 6.238000106811523438e+01 6.286999893188476562e+01 6.302000045776367188e+01 6.279000091552734375e+01 6.216999816894531250e+01 6.118999862670898438e+01 5.995000076293945312e+01 5.852999877929687500e+01 5.700000000000000000e+01 5.541999816894531250e+01 5.384000015258789062e+01 5.229999923706054688e+01 5.084999847412109375e+01 4.954000091552734375e+01 4.843000030517578125e+01 4.759000015258789062e+01 4.711000061035156250e+01 4.706999969482421875e+01 4.750000000000000000e+01 4.836999893188476562e+01 4.956000137329101562e+01 5.097000122070312500e+01 5.247000122070312500e+01
4.883000183105468750e+01 4.909999847412109375e+01 4.963000106811523438e+01 5.040000152587890625e+01 5.136999893188476562e+01 5.250000000000000000e+01 5.374000167846679688e+01 5.502999877929687500e+01 5.633000183105468750e+01 5.761999893188476562e+01 5.884999847412109375e+01 6.000000000000000000e+01 6.102000045776367188e+01 6.186999893188476562e+01 6.250999832153320312e+01 6.288000106811523438e+01 6.293000030517578125e+01 6.265000152587890625e+01 6.202999877929687500e+01 6.111000061035156250e+01 5.995999908447265625e+01 5.861999893188476562e+01 5.718000030517578125e+01 5.568999862670898438e+01 5.420000076293945312e+01 5.275000000000000000e+01 5.140999984741210938e+01 5.022000122070312500e+01 4.925999832153320312e+01 4.858000183105468750e+01 4.824000167846679688e+01 4.829999923706054688e+01 4.875999832153320312e+01 4.958000183105468750e+01 5.068999862670898438e+01 5.200999832153320312e+01 5.343999862670898438e+01
4.934999847412109375e+01 4.970000076293945312e+01 5.027999877929687500e+01 5.108000183105468750e+01 5.206000137329101562e+01 5.316999816894531250e+01 5.438000106811523438e+01 5.563999938964843750e+01 5.690999984741210938e+01 5.815999984741210938e+01 5.934999847412109375e+01 6.045000076293945312e+01 6.140999984741210938e+01 6.218999862670898438e+01 6.274000167846679688e+01 6.302000045776367188e+01 6.300000000000000000e+01 6.265999984741210938e+01 6.202999877929687500e+01 6.113000106811523438e+01 6.002000045776367188e+01 5.875000000000000000e+01 5.738000106811523438e+01 5.595999908447265625e+01 5.454000091552734375e+01 5.316999816894531250e+01 5.190999984741210938e+01 5.083000183105468750e+01 4.997000122070312500e+01 4.940999984741210938e+01 4.918999862670898438e+01 4.931999969482421875e+01 4.981999969482421875e+01 5.063000106811523438e+01 5.170000076293945312e+01 5.295000076293945312e+01 5.431999969482421875e+01
4.979999923706054688e+01 5.022999954223632812e+01 5.088000106811523438e+01 5.172000122070312500e+01 5.272000122070312500e+01 5.383000183105468750e+01 5.502999877929687500e+01 5.627000045776367188e+01 5.752000045776367188e+01 5.874000167846679688e+01 5.990000152587890625e+01 6.095999908447265625e+01 6.188000106811523438e+01 6.261000061035156250e+01 6.309999847412109375e+01 6.331000137329101562e+01 6.320999908447265625e+01 6.281999969482421875e+01 6.215000152587890625e+01 6.125000000000000000e+01 6.015000152587890625e+01 5.891999816894531250e+01 5.759000015258789062e+01 5.622000122070312500e+01 5.486000061035156250e+01 5.354999923706054688e+01 5.234999847412109375e+01 5.133000183105468750e+01 5.054999923706054688e+01 5.006999969482421875e+01 4.993999862670898438e+01 5.015999984741210938e+01 5.070000076293945312e+01 5.152999877929687500e+01 5.256999969482421875e+01 5.377999877929687500e+01 5.508000183105468750e+01
5.018000030517578125e+01 5.070000076293945312e+01 5.143000030517578125e+01 5.233000183105468750e+01 5.336000061035156250e+01 5.449000167846679688e+01 5.568999862670898438e+01 5.691999816894531250e+01 5.815000152587890625e+01 5.934999847412109375e+01 6.049000167846679688e+01 6.152999877929687500e+01 6.243000030517578125e+01 6.313000106811523438e+01 6.359000015258789062e+01 6.375000000000000000e+01 6.356999969482421875e+01 6.309999847412109375e+01 6.238000106811523438e+01 6.145000076293945312e+01 6.034999847412109375e+01 5.913000106811523438e+01 5.783000183105468750e+01 5.650000000000000000e+01 5.516999816894531250e+01 5.390000152587890625e+01 5.272999954223632812e+01 5.172999954223632812e+01 5.097999954223632812e+01 5.056000137329101562e+01 5.050999832153320312e+01 5.081999969482421875e+01 5.143999862670898438e+01 5.229000091552734375e+01 5.333000183105468750e+01 5.449000167846679688e+01 5.572999954223632812e+01
5.050999832153320312e+01 5.113000106811523438e+01 5.195000076293945312e+01 5.291999816894531250e+01 5.399000167846679688e+01 5.515000152587890625e+01 5.636000061035156250e+01 5.759000015258789062e+01 5.881000137329101562e+01 6.000000000000000000e+01 6.113000106811523438e+01 6.215000152587890625e+01 6.304999923706054688e+01 6.375999832153320312e+01 6.422000122070312500e+01 6.433000183105468750e+01 6.406999969482421875e+01 6.350000000000000000e+01 6.270000076293945312e+01 6.172000122070312500e+01 6.059999847412109375e+01 5.938999938964843750e+01 5.809999847412109375e+01 5.679000091552734375e+01 5.547999954223632812e+01 5.422999954223632812e+01 5.306999969482421875e+01 5.206000137329101562e+01 5.127999877929687500e+01 5.086999893188476562e+01 5.091999816894531250e+01 5.134999847412109375e+01 5.206000137329101562e+01 5.295999908447265625e+01 5.400000000000000000e+01 5.511999893188476562e+01 5.629000091552734375e+01
5.079000091552734375e+01 5.154999923706054688e+01 5.247000122070312500e+01 5.350999832153320312e+01 5.463999938964843750e+01 5.581999969482421875e+01 5.704000091552734375e+01 5.827999877929687500e+01 5.950000000000000000e+01 6.068000030517578125e+01 6.179000091552734375e+01 6.281000137329101562e+01 6.370000076293945312e+01 6.444999694824218750e+01 6.495999908447265625e+01 6.505999755859375000e+01 6.465000152587890625e+01 6.395000076293945312e+01 6.306000137329101562e+01 6.204000091552734375e+01 6.090000152587890625e+01 5.966999816894531250e+01 5.840000152587890625e+01 5.709999847412109375e+01 5.581000137329101562e+01 5.456999969482421875e+01 5.340000152587890625e+01 5.234999847412109375e+01 5.149000167846679688e+01 5.102000045776367188e+01 5.122000122070312500e+01 5.181999969482421875e+01 5.263000106811523438e+01 5.356999969482421875e+01 5.461000061035156250e+01 5.570999908447265625e+01 5.681000137329101562e+01
5.109999847412109375e+01 5.200999832153320312e+01 5.302999877929687500e+01 5.413000106811523438e+01 5.529999923706054688e+01 5.652000045776367188e+01 5.775000000000000000e+01 5.899000167846679688e+01 6.020999908447265625e+01 6.138000106811523438e+01 6.247000122070312500e+01 6.347999954223632812e+01 6.436000061035156250e+01 6.509999847412109375e+01 6.569000244140625000e+01 6.583999633789062500e+01 6.519000244140625000e+01 6.438999938964843750e+01 6.345000076293945312e+01 6.238000106811523438e+01 6.122000122070312500e+01 5.999000167846679688e+01 5.870999908447265625e+01 5.743000030517578125e+01 5.615999984741210938e+01 5.493000030517578125e+01 5.377999877929687500e+01 5.272999954223632812e+01 5.179999923706054688e+01 5.100000000000000000e+01 5.161000061035156250e+01 5.234999847412109375e+01 5.320999908447265625e+01 5.418000030517578125e+01 5.522000122070312500e+01 5.629000091552734375e+01 5.734000015258789062e+01
5.156000137329101562e+01 5.256999969482421875e+01 5.365999984741210938e+01 5.481000137329101562e+01 5.600999832153320312e+01 5.724000167846679688e+01 5.849000167846679688e+01 5.972999954223632812e+01 6.093999862670898438e+01 6.209999847412109375e+01 6.316999816894531250e+01 6.415000152587890625e+01 6.498999786376953125e+01 6.565000152587890625e+01 6.608999633789062500e+01 6.608999633789062500e+01 6.556999969482421875e+01 6.477999877929687500e+01 6.381999969482421875e+01 6.274000167846679688e+01 6.156000137329101562e+01 6.031999969482421875e+01 5.904999923706054688e+01 5.777999877929687500e+01 5.652999877929687500e+01 5.534000015258789062e+01 5.424000167846679688e+01 5.327000045776367188e+01 5.247999954223632812e+01 5.209000015258789062e+01 5.236000061035156250e+01 5.302000045776367188e+01 5.386000061035156250e+01 5.481999969482421875e+01 5.584000015258789062e+01 5.688999938964843750e+01 5.790999984741210938e+01
5.227999877929687500e+01 5.327999877929687500e+01 5.438000106811523438e+01 5.554999923706054688e+01 5.675999832153320312e+01 5.800000000000000000e+01 5.925000000000000000e+01 6.049000167846679688e+01 6.168999862670898438e+01 6.284000015258789062e+01 6.390000152587890625e+01 6.483000183105468750e+01 6.561000061035156250e+01 6.618000030517578125e+01 6.645999908447265625e+01 6.637999725341796875e+01 6.591000366210937500e+01 6.515000152587890625e+01 6.419000244140625000e+01 6.309999847412109375e+01 6.191999816894531250e+01 6.068000030517578125e+01 5.940999984741210938e+01 5.815000152587890625e+01 5.691999816894531250e+01 5.577999877929687500e+01 5.474000167846679688e+01 5.388000106811523438e+01 5.325999832153320312e+01 5.300999832153320312e+01 5.320999908447265625e+01 5.375999832153320312e+01 5.454999923706054688e+01 5.547999954223632812e+01 5.649000167846679688e+01 5.752999877929687500e+01 5.852999877929687500e+01
5.316999816894531250e+01 5.411000061035156250e+01 5.518999862670898438e+01 5.634000015258789062e+01 5.754999923706054688e+01 5.879000091552734375e+01 6.004000091552734375e+01 6.127999877929687500e+01 6.247000122070312500e+01 6.361000061035156250e+01 6.465000152587890625e+01 6.555000305175781250e+01 6.627999877929687500e+01 6.676999664306640625e+01 6.695999908447265625e+01 6.680000305175781250e+01 6.630999755859375000e+01 6.554000091552734375e+01 6.458000183105468750e+01 6.347999954223632812e+01 6.229000091552734375e+01 6.104000091552734375e+01 5.977000045776367188e+01 5.852000045776367188e+01 5.731999969482421875e+01 5.620999908447265625e+01 5.524000167846679688e+01 5.447000122070312500e+01 5.395999908447265625e+01 5.379000091552734375e+01 5.397000122070312500e+01 5.447999954223632812e+01 5.522999954223632812e+01 5.615000152587890625e+01 5.716999816894531250e+01 5.820999908447265625e+01 5.922000122070312500e+01
5.411000061035156250e+01 5.500000000000000000e+01 5.604000091552734375e+01 5.718000030517578125e+01 5.838000106811523438e+01 5.961999893188476562e+01 6.086000061035156250e+01 6.209000015258789062e+01 6.327999877929687500e+01 6.440000152587890625e+01 6.543000030517578125e+01 6.631999969482421875e+01 6.702999877929687500e+01 6.748000335693359375e+01 6.759999847412109375e+01 6.736000061035156250e+01 6.680000305175781250e+01 6.598999786376953125e+01 6.500000000000000000e+01 6.388000106811523438e+01 6.266999816894531250e+01 6.140999984741210938e+01 6.013999938964843750e+01 5.888000106811523438e+01 5.768999862670898438e+01 5.661000061035156250e+01 5.568000030517578125e+01 5.497000122070312500e+01 5.452999877929687500e+01 5.440000152587890625e+01 5.461000061035156250e+01 5.511999893188476562e+01 5.588000106811523438e+01 5.681000137329101562e+01 5.786000061035156250e+01 5.893000030517578125e+01 5.997999954223632812e+01
5.502999877929687500e+01 5.588999938964843750e+01 5.690999984741210938e+01 5.804000091552734375e+01 5.922999954223632812e+01 6.045999908447265625e+01 6.170000076293945312e+01 6.291999816894531250e+01 6.409999847412109375e+01 6.522000122070312500e+01 6.623999786376953125e+01 6.712999725341796875e+01 6.784999847412109375e+01 6.830999755859375000e+01 6.837999725341796875e+01 6.801999664306640625e+01 6.737000274658203125e+01 6.648999786376953125e+01 6.545999908447265625e+01 6.430999755859375000e+01 6.308000183105468750e+01 6.179000091552734375e+01 6.050000000000000000e+01 5.924000167846679688e+01 5.804000091552734375e+01 5.695999908447265625e+01 5.604999923706054688e+01 5.536000061035156250e+01 5.495000076293945312e+01 5.486000061035156250e+01 5.509999847412109375e+01 5.565000152587890625e+01 5.645999908447265625e+01 5.745000076293945312e+01 5.854999923706054688e+01 5.968999862670898438e+01 6.081000137329101562e+01
