examples/data/Demogrid_a.grd
DSAA
100 78
0.0 9.0
0.0 7.0
25.0 104.9000015258789
[rows 51 to 67 of 78, columns 37 to 73 of 100]
7.097000122070312500e+01 7.143000030517578125e+01 7.187999725341796875e+01 7.230999755859375000e+01 7.273000335693359375e+01 7.311000061035156250e+01 7.347000122070312500e+01 7.377999877929687500e+01 7.402999877929687500e+01 7.423000335693359375e+01 7.437999725341796875e+01 7.445999908447265625e+01 7.448000335693359375e+01 7.443000030517578125e+01 7.429000091552734375e+01 7.405999755859375000e+01 7.373999786376953125e+01 7.337000274658203125e+01 7.305000305175781250e+01 7.287000274658203125e+01 7.275000000000000000e+01 7.258999633789062500e+01 7.233999633789062500e+01 7.201999664306640625e+01 7.163999938964843750e+01 7.123999786376953125e+01 7.083000183105468750e+01 7.045999908447265625e+01 7.016999816894531250e+01 6.998999786376953125e+01 6.998999786376953125e+01 7.030999755859375000e+01 7.129000091552734375e+01 7.330000305175781250e+01 7.616999816894531250e+01 7.937999725341796875e+01 8.261000061035156250e+01
7.091999816894531250e+01 7.126999664306640625e+01 7.161000061035156250e+01 7.194000244140625000e+01 7.225000000000000000e+01 7.252999877929687500e+01 7.279000091552734375e+01 7.301000213623046875e+01 7.319999694824218750e+01 7.334999847412109375e+01 7.347000122070312500e+01 7.356999969482421875e+01 7.362999725341796875e+01 7.363999938964843750e+01 7.361000061035156250e+01 7.352999877929687500e+01 7.340000152587890625e+01 7.326000213623046875e+01 7.316000366210937500e+01 7.311000061035156250e+01 7.308999633789062500e+01 7.302999877929687500e+01 7.290000152587890625e+01 7.270999908447265625e+01 7.244999694824218750e+01 7.213999938964843750e+01 7.181999969482421875e+01 7.148999786376953125e+01 7.119000244140625000e+01 7.091999816894531250e+01 7.070999908447265625e+01 7.061000061035156250e+01 7.101000213623046875e+01 7.326000213623046875e+01 7.672000122070312500e+01 8.033000183105468750e+01 8.381999969482421875e+01
7.087999725341796875e+01 7.112999725341796875e+01 7.136000061035156250e+01 7.158000183105468750e+01 7.179000091552734375e+01 7.197000122070312500e+01 7.212999725341796875e+01 7.226999664306640625e+01 7.238999938964843750e+01 7.250000000000000000e+01 7.259999847412109375e+01 7.272000122070312500e+01 7.283000183105468750e+01 7.294000244140625000e+01 7.302999877929687500e+01 7.309999847412109375e+01 7.316000366210937500e+01 7.323000335693359375e+01 7.330999755859375000e+01 7.343000030517578125e+01 7.354000091552734375e+01 7.361000061035156250e+01 7.361000061035156250e+01 7.352999877929687500e+01 7.337999725341796875e+01 7.318000030517578125e+01 7.294999694824218750e+01 7.270999908447265625e+01 7.245999908447265625e+01 7.220999908447265625e+01 7.197000122070312500e+01 7.172000122070312500e+01 7.151999664306640625e+01 7.412999725341796875e+01 7.797000122070312500e+01 8.173000335693359375e+01 8.534999847412109375e+01
7.083999633789062500e+01 7.098999786376953125e+01 7.112000274658203125e+01 7.123999786376953125e+01 7.133999633789062500e+01 7.143000030517578125e+01 7.150000000000000000e+01 7.155999755859375000e+01 7.162000274658203125e+01 7.166999816894531250e+01 7.176000213623046875e+01 7.188999938964843750e+01 7.206999969482421875e+01 7.226999664306640625e+01 7.248999786376953125e+01 7.272000122070312500e+01 7.294999694824218750e+01 7.320999908447265625e+01 7.350000000000000000e+01 7.379000091552734375e+01 7.406999969482421875e+01 7.429000091552734375e+01 7.441999816894531250e+01 7.445999908447265625e+01 7.443000030517578125e+01 7.433999633789062500e+01 7.423000335693359375e+01 7.409999847412109375e+01 7.398999786376953125e+01 7.388999938964843750e+01 7.386000061035156250e+01 7.400000000000000000e+01 7.473000335693359375e+01 7.687000274658203125e+01 8.011000061035156250e+01 8.362000274658203125e+01 8.713999938964843750e+01
7.081999969482421875e+01 7.087000274658203125e+01 7.090000152587890625e+01 7.091000366210937500e+01 7.091999816894531250e+01 7.091000366210937500e+01 7.090000152587890625e+01 7.087999725341796875e+01 7.087000274658203125e+01 7.087000274658203125e+01 7.091000366210937500e+01 7.108000183105468750e+01 7.133999633789062500e+01 7.163999938964843750e+01 7.198000335693359375e+01 7.234999847412109375e+01 7.275000000000000000e+01 7.319999694824218750e+01 7.368000030517578125e+01 7.418000030517578125e+01 7.465000152587890625e+01 7.504000091552734375e+01 7.530999755859375000e+01 7.547000122070312500e+01 7.555000305175781250e+01 7.558000183105468750e+01 7.559999847412109375e+01 7.563999938964843750e+01 7.570999908447265625e+01 7.584999847412109375e+01 7.612999725341796875e+01 7.670999908447265625e+01 7.787000274658203125e+01 7.987999725341796875e+01 8.262999725341796875e+01 8.577999877929687500e+01 8.905000305175781250e+01
7.080999755859375000e+01 7.076000213623046875e+01 7.069000244140625000e+01 7.059999847412109375e+01 7.051000213623046875e+01 7.041000366210937500e+01 7.031999969482421875e+01 7.023000335693359375e+01 7.016000366210937500e+01 7.009999847412109375e+01 7.008000183105468750e+01 7.029000091552734375e+01 7.062999725341796875e+01 7.101999664306640625e+01 7.145999908447265625e+01 7.195999908447265625e+01 7.252999877929687500e+01 7.315000152587890625e+01 7.383000183105468750e+01 7.454000091552734375e+01 7.523999786376953125e+01 7.583999633789062500e+01 7.626000213623046875e+01 7.651000213623046875e+01 7.668000030517578125e+01 7.683999633789062500e+01 7.701999664306640625e+01 7.723999786376953125e+01 7.751999664306640625e+01 7.791000366210937500e+01 7.848999786376953125e+01 7.937999725341796875e+01 8.073000335693359375e+01 8.266000366210937500e+01 8.512999725341796875e+01 8.794000244140625000e+01 9.091999816894531250e+01
7.081999969482421875e+01 7.066000366210937500e+01 7.048999786376953125e+01 7.030999755859375000e+01 7.012000274658203125e+01 6.993000030517578125e+01 6.975000000000000000e+01 6.959999847412109375e+01 6.948000335693359375e+01 6.940000152587890625e+01 6.941999816894531250e+01 6.961000061035156250e+01 6.995999908447265625e+01 7.040000152587890625e+01 7.091999816894531250e+01 7.152999877929687500e+01 7.223000335693359375e+01 7.301999664306640625e+01 7.387999725341796875e+01 7.481999969482421875e+01 7.579000091552734375e+01 7.666000366210937500e+01 7.719999694824218750e+01 7.750000000000000000e+01 7.776000213623046875e+01 7.805000305175781250e+01 7.840000152587890625e+01 7.880999755859375000e+01 7.931999969482421875e+01 7.994000244140625000e+01 8.075000000000000000e+01 8.183000183105468750e+01 8.326999664306640625e+01 8.513999938964843750e+01 8.740000152587890625e+01 8.994000244140625000e+01 9.262999725341796875e+01
7.083000183105468750e+01 7.058000183105468750e+01 7.030000305175781250e+01 7.001999664306640625e+01 6.973000335693359375e+01 6.944999694824218750e+01 6.919999694824218750e+01 6.898000335693359375e+01 6.880999755859375000e+01 6.872000122070312500e+01 6.875000000000000000e+01 6.893000030517578125e+01 6.926999664306640625e+01 6.973999786376953125e+01 7.033000183105468750e+01 7.102999877929687500e+01 7.183999633789062500e+01 7.276000213623046875e+01 7.379000091552734375e+01 7.491999816894531250e+01 7.615000152587890625e+01 7.743000030517578125e+01 7.801999664306640625e+01 7.830000305175781250e+01 7.866999816894531250e+01 7.912000274658203125e+01 7.966000366210937500e+01 8.029000091552734375e+01 8.101000213623046875e+01 8.183999633789062500e+01 8.281999969482421875e+01 8.401000213623046875e+01 8.548000335693359375e+01 8.726999664306640625e+01 8.936000061035156250e+01 9.168000030517578125e+01 9.412000274658203125e+01
7.086000061035156250e+01 7.050000000000000000e+01 7.012000274658203125e+01 6.973999786376953125e+01 6.934999847412109375e+01 6.898000335693359375e+01 6.863999938964843750e+01 6.834999847412109375e+01 6.812999725341796875e+01 6.801000213623046875e+01 6.801999664306640625e+01 6.819000244140625000e+01 6.851999664306640625e+01 6.901000213623046875e+01 6.965000152587890625e+01 7.043000030517578125e+01 7.133999633789062500e+01 7.236000061035156250e+01 7.350000000000000000e+01 7.475000000000000000e+01 7.608000183105468750e+01 7.738999938964843750e+01 7.820999908447265625e+01 7.873999786376953125e+01 7.931999969482421875e+01 7.998000335693359375e+01 8.075000000000000000e+01 8.161000061035156250e+01 8.254000091552734375e+01 8.355000305175781250e+01 8.463999938964843750e+01 8.587999725341796875e+01 8.733000183105468750e+01 8.901999664306640625e+01 9.095999908447265625e+01 9.309999847412109375e+01 9.533000183105468750e+01
7.090000152587890625e+01 7.044000244140625000e+01 6.994999694824218750e+01 6.945999908447265625e+01 6.897000122070312500e+01 6.850000000000000000e+01 6.806999969482421875e+01 6.769999694824218750e+01 6.741000366210937500e+01 6.723999786376953125e+01 6.720999908447265625e+01 6.736000061035156250e+01 6.768000030517578125e+01 6.819999694824218750e+01 6.887999725341796875e+01 6.972000122070312500e+01 7.069999694824218750e+01 7.180000305175781250e+01 7.301999664306640625e+01 7.430999755859375000e+01 7.565000152587890625e+01 7.691000366210937500e+01 7.794999694824218750e+01 7.883000183105468750e+01 7.968000030517578125e+01 8.059999847412109375e+01 8.162000274658203125e+01 8.272000122070312500e+01 8.387999725341796875e+01 8.504000091552734375e+01 8.620999908447265625e+01 8.743000030517578125e+01 8.880999755859375000e+01 9.038999938964843750e+01 9.218000030517578125e+01 9.413999938964843750e+01 9.620999908447265625e+01
7.094999694824218750e+01 7.037000274658203125e+01 6.977999877929687500e+01 6.916999816894531250e+01 6.858000183105468750e+01 6.801000213623046875e+01 6.748000335693359375e+01 6.701999664306640625e+01 6.665000152587890625e+01 6.640000152587890625e+01 6.631999969482421875e+01 6.641999816894531250e+01 6.673999786376953125e+01 6.726999664306640625e+01 6.798999786376953125e+01 6.888999938964843750e+01 6.994000244140625000e+01 7.109999847412109375e+01 7.237000274658203125e+01 7.369999694824218750e+01 7.505000305175781250e+01 7.634999847412109375e+01 7.755000305175781250e+01 7.868000030517578125e+01 7.979000091552734375e+01 8.095999908447265625e+01 8.222000122070312500e+01 8.356999969482421875e+01 8.498000335693359375e+01 8.631999969482421875e+01 8.748999786376953125e+01 8.862000274658203125e+01 8.987999725341796875e+01 9.131999969482421875e+01 9.295999908447265625e+01 9.476000213623046875e+01 9.666999816894531250e+01
7.100000000000000000e+01 7.030999755859375000e+01 6.959999847412109375e+01 6.888999938964843750e+01 6.818000030517578125e+01 6.750000000000000000e+01 6.687000274658203125e+01 6.630000305175781250e+01 6.583000183105468750e+01 6.548999786376953125e+01 6.533000183105468750e+01 6.537999725341796875e+01 6.568000030517578125e+01 6.623000335693359375e+01 6.701000213623046875e+01 6.795999908447265625e+01 6.905999755859375000e+01 7.027999877929687500e+01 7.158999633789062500e+01 7.295999908447265625e+01 7.434999847412109375e+01 7.572000122070312500e+01 7.705000305175781250e+01 7.836000061035156250e+01 7.966999816894531250e+01 8.104000091552734375e+01 8.251000213623046875e+01 8.408999633789062500e+01 8.577999877929687500e+01 8.737999725341796875e+01 8.841000366210937500e+01 8.937000274658203125e+01 9.048999786376953125e+01 9.180000305175781250e+01 9.327999877929687500e+01 9.490000152587890625e+01 9.661000061035156250e+01
7.104000091552734375e+01 7.023999786376953125e+01 6.941999816894531250e+01 6.858999633789062500e+01 6.777999877929687500e+01 6.698999786376953125e+01 6.625000000000000000e+01 6.556999969482421875e+01 6.498000335693359375e+01 6.451999664306640625e+01 6.423999786376953125e+01 6.422000122070312500e+01 6.450000000000000000e+01 6.508999633789062500e+01 6.591999816894531250e+01 6.694999694824218750e+01 6.811000061035156250e+01 6.937999725341796875e+01 7.073000335693359375e+01 7.213999938964843750e+01 7.356999969482421875e+01 7.501000213623046875e+01 7.644000244140625000e+01 7.787000274658203125e+01 7.933000183105468750e+01 8.084999847412109375e+01 8.244999694824218750e+01 8.415000152587890625e+01 8.598999786376953125e+01 8.780000305175781250e+01 8.869000244140625000e+01 8.958000183105468750e+01 9.062999725341796875e+01 9.181999969482421875e+01 9.315000152587890625e+01 9.458000183105468750e+01 9.604000091552734375e+01
7.105999755859375000e+01 7.013999938964843750e+01 6.920999908447265625e+01 6.827999877929687500e+01 6.737000274658203125e+01 6.647000122070312500e+01 6.562000274658203125e+01 6.483000183105468750e+01 6.411000061035156250e+01 6.350999832153320312e+01 6.308000183105468750e+01 6.293999862670898438e+01 6.320000076293945312e+01 6.386000061035156250e+01 6.477999877929687500e+01 6.587999725341796875e+01 6.709999847412109375e+01 6.841999816894531250e+01 6.980000305175781250e+01 7.123999786376953125e+01 7.272000122070312500e+01 7.420999908447265625e+01 7.572000122070312500e+01 7.723999786376953125e+01 7.879000091552734375e+01 8.038999938964843750e+01 8.204000091552734375e+01 8.375000000000000000e+01 8.547000122070312500e+01 8.701999664306640625e+01 8.820999908447265625e+01 8.923999786376953125e+01 9.029000091552734375e+01 9.141999816894531250e+01 9.262000274658203125e+01 9.384999847412109375e+01 9.505999755859375000e+01
7.102999877929687500e+01 7.001000213623046875e+01 6.898999786376953125e+01 6.795999908447265625e+01 6.694999694824218750e+01 6.595999908447265625e+01 6.501000213623046875e+01 6.411000061035156250e+01 6.327999877929687500e+01 6.252999877929687500e+01 6.190999984741210938e+01 6.154999923706054688e+01 6.181000137329101562e+01 6.261999893188476562e+01 6.365000152587890625e+01 6.480999755859375000e+01 6.606999969482421875e+01 6.741999816894531250e+01 6.883999633789062500e+01 7.030000305175781250e+01 7.180999755859375000e+01 7.333999633789062500e+01 7.490000152587890625e+01 7.647000122070312500e+01 7.806999969482421875e+01 7.969999694824218750e+01 8.134999847412109375e+01 8.301000213623046875e+01 8.462000274658203125e+01 8.609999847412109375e+01 8.737000274658203125e+01 8.850000000000000000e+01 8.958000183105468750e+01 9.066000366210937500e+01 9.175000000000000000e+01 9.280999755859375000e+01 9.380000305175781250e+01
7.093000030517578125e+01 6.983999633789062500e+01 6.873000335693359375e+01 6.762000274658203125e+01 6.652999877929687500e+01 6.545999908447265625e+01 6.441999816894531250e+01 6.343000030517578125e+01 6.250999832153320312e+01 6.165999984741210938e+01 6.090000152587890625e+01 6.024000167846679688e+01 6.054000091552734375e+01 6.150999832153320312e+01 6.259999847412109375e+01 6.377999877929687500e+01 6.505000305175781250e+01 6.641000366210937500e+01 6.783999633789062500e+01 6.931999969482421875e+01 7.084999847412109375e+01 7.241000366210937500e+01 7.398999786376953125e+01 7.558999633789062500e+01 7.720999908447265625e+01 7.883999633789062500e+01 8.047000122070312500e+01 8.206999969482421875e+01 8.361000061035156250e+01 8.504000091552734375e+01 8.633000183105468750e+01 8.750000000000000000e+01 8.858999633789062500e+01 8.962999725341796875e+01 9.062999725341796875e+01 9.155000305175781250e+01 9.237000274658203125e+01
7.076000213623046875e+01 6.961000061035156250e+01 6.844000244140625000e+01 6.726999664306640625e+01 6.609999847412109375e+01 6.495999908447265625e+01 6.386000061035156250e+01 6.281000137329101562e+01 6.184000015258789062e+01 6.097000122070312500e+01 6.022999954223632812e+01 5.977000045776367188e+01 5.993999862670898438e+01 6.068999862670898438e+01 6.168000030517578125e+01 6.281000137329101562e+01 6.405999755859375000e+01 6.541000366210937500e+01 6.683000183105468750e+01 6.831999969482421875e+01 6.984999847412109375e+01 7.141999816894531250e+01 7.301000213623046875e+01 7.462000274658203125e+01 7.623999786376953125e+01 7.784999847412109375e+01 7.944999694824218750e+01 8.100000000000000000e+01 8.248999786376953125e+01 8.388999938964843750e+01 8.516999816894531250e+01 8.633999633789062500e+01 8.741999816894531250e+01 8.841000366210937500e+01 8.933000183105468750e+01 9.013999938964843750e+01 9.081999969482421875e+01
