examples/data/Demogrid_a.grd
DSAA
100 78
0.0 9.0
0.0 7.0
25.0 104.9000015258789
[rows 17 to 33 of 78, columns 0 to 36 of 100]
9.988999938964843750e+01 9.891000366210937500e+01 9.776999664306640625e+01 9.650000000000000000e+01 9.511000061035156250e+01 9.362999725341796875e+01 9.208000183105468750e+01 9.048000335693359375e+01 8.883000183105468750e+01 8.716000366210937500e+01 8.545999908447265625e+01 8.376000213623046875e+01 8.205000305175781250e+01 8.033999633789062500e+01 7.863999938964843750e+01 7.694000244140625000e+01 7.526000213623046875e+01 7.358999633789062500e+01 7.193000030517578125e+01 7.030000305175781250e+01 6.868000030517578125e+01 6.708000183105468750e+01 6.551999664306640625e+01 6.400000000000000000e+01 6.254000091552734375e+01 6.115000152587890625e+01 5.984999847412109375e+01 5.865000152587890625e+01 5.756999969482421875e+01 5.661999893188476562e+01 5.581999969482421875e+01 5.518999862670898438e+01 5.475000000000000000e+01 5.450999832153320312e+01 5.450000000000000000e+01 5.472999954223632812e+01 5.520000076293945312e+01
1.006999969482421875e+02 9.966000366210937500e+01 9.848999786376953125e+01 9.716000366210937500e+01 9.570999908447265625e+01 9.416000366210937500e+01 9.255000305175781250e+01 9.090000152587890625e+01 8.920999908447265625e+01 8.748999786376953125e+01 8.576999664306640625e+01 8.404000091552734375e+01 8.230999755859375000e+01 8.058000183105468750e+01 7.887000274658203125e+01 7.716999816894531250e+01 7.548000335693359375e+01 7.380999755859375000e+01 7.216000366210937500e+01 7.051999664306640625e+01 6.888999938964843750e+01 6.729000091552734375e+01 6.572000122070312500e+01 6.419000244140625000e+01 6.272000122070312500e+01 6.134000015258789062e+01 6.004000091552734375e+01 5.884999847412109375e+01 5.779000091552734375e+01 5.688000106811523438e+01 5.613000106811523438e+01 5.556000137329101562e+01 5.520000076293945312e+01 5.504999923706054688e+01 5.513000106811523438e+01 5.543000030517578125e+01 5.595999908447265625e+01
1.015000000000000000e+02 1.004000015258789062e+02 9.919999694824218750e+01 9.780000305175781250e+01 9.626999664306640625e+01 9.465000152587890625e+01 9.298000335693359375e+01 9.126999664306640625e+01 8.954000091552734375e+01 8.779000091552734375e+01 8.602999877929687500e+01 8.427999877929687500e+01 8.252999877929687500e+01 8.079000091552734375e+01 7.906999969482421875e+01 7.736000061035156250e+01 7.566999816894531250e+01 7.401000213623046875e+01 7.236000061035156250e+01 7.073000335693359375e+01 6.909999847412109375e+01 6.748999786376953125e+01 6.590000152587890625e+01 6.436000061035156250e+01 6.288000106811523438e+01 6.149000167846679688e+01 6.018999862670898438e+01 5.902000045776367188e+01 5.797000122070312500e+01 5.708000183105468750e+01 5.636999893188476562e+01 5.586000061035156250e+01 5.556000137329101562e+01 5.549000167846679688e+01 5.565000152587890625e+01 5.604000091552734375e+01 5.663999938964843750e+01
1.023000030517578125e+02 1.011999969482421875e+02 9.990000152587890625e+01 9.840000152587890625e+01 9.677999877929687500e+01 9.508000183105468750e+01 9.334999847412109375e+01 9.158999633789062500e+01 8.980999755859375000e+01 8.802999877929687500e+01 8.625000000000000000e+01 8.447000122070312500e+01 8.270999908447265625e+01 8.095999908447265625e+01 7.923000335693359375e+01 7.751999664306640625e+01 7.583000183105468750e+01 7.418000030517578125e+01 7.254000091552734375e+01 7.091999816894531250e+01 6.930000305175781250e+01 6.766999816894531250e+01 6.605999755859375000e+01 6.450000000000000000e+01 6.300999832153320312e+01 6.161000061035156250e+01 6.031000137329101562e+01 5.913000106811523438e+01 5.809999847412109375e+01 5.722000122070312500e+01 5.654000091552734375e+01 5.606999969482421875e+01 5.584000015258789062e+01 5.584000015258789062e+01 5.609000015258789062e+01 5.656000137329101562e+01 5.724000167846679688e+01
1.030999984741210938e+02 1.020000000000000000e+02 1.005999984741210938e+02 9.891999816894531250e+01 9.719000244140625000e+01 9.541999816894531250e+01 9.362999725341796875e+01 9.181999969482421875e+01 9.001000213623046875e+01 8.819999694824218750e+01 8.640000152587890625e+01 8.461000061035156250e+01 8.283000183105468750e+01 8.108000183105468750e+01 7.933999633789062500e+01 7.762999725341796875e+01 7.594999694824218750e+01 7.430000305175781250e+01 7.269000244140625000e+01 7.109999847412109375e+01 6.948999786376953125e+01 6.783000183105468750e+01 6.619000244140625000e+01 6.461000061035156250e+01 6.311000061035156250e+01 6.170000076293945312e+01 6.038999938964843750e+01 5.920999908447265625e+01 5.816999816894531250e+01 5.729999923706054688e+01 5.663000106811523438e+01 5.618999862670898438e+01 5.600999832153320312e+01 5.609000015258789062e+01 5.643000030517578125e+01 5.700999832153320312e+01 5.777999877929687500e+01
1.040000000000000000e+02 1.026999969482421875e+02 1.010999984741210938e+02 9.929000091552734375e+01 9.747000122070312500e+01 9.563999938964843750e+01 9.380000305175781250e+01 9.195999908447265625e+01 9.012999725341796875e+01 8.830999755859375000e+01 8.648999786376953125e+01 8.469000244140625000e+01 8.291000366210937500e+01 8.113999938964843750e+01 7.940000152587890625e+01 7.769000244140625000e+01 7.601000213623046875e+01 7.437000274658203125e+01 7.276999664306640625e+01 7.120999908447265625e+01 6.965000152587890625e+01 6.793000030517578125e+01 6.626999664306640625e+01 6.468000030517578125e+01 6.318000030517578125e+01 6.175999832153320312e+01 6.043999862670898438e+01 5.925000000000000000e+01 5.818999862670898438e+01 5.731000137329101562e+01 5.663000106811523438e+01 5.620999908447265625e+01 5.608000183105468750e+01 5.624000167846679688e+01 5.668999862670898438e+01 5.738000106811523438e+01 5.825999832153320312e+01
1.049000015258789062e+02 1.030999984741210938e+02 1.013000030517578125e+02 9.941999816894531250e+01 9.755999755859375000e+01 9.570999908447265625e+01 9.384999847412109375e+01 9.200000000000000000e+01 9.016000366210937500e+01 8.833000183105468750e+01 8.651000213623046875e+01 8.470999908447265625e+01 8.291999816894531250e+01 8.116000366210937500e+01 7.941999816894531250e+01 7.769999694824218750e+01 7.601999664306640625e+01 7.437000274658203125e+01 7.276000213623046875e+01 7.118000030517578125e+01 6.958000183105468750e+01 6.791999816894531250e+01 6.629000091552734375e+01 6.470999908447265625e+01 6.320999908447265625e+01 6.179000091552734375e+01 6.047000122070312500e+01 5.925999832153320312e+01 5.818000030517578125e+01 5.727000045776367188e+01 5.656999969482421875e+01 5.613000106811523438e+01 5.602999877929687500e+01 5.629000091552734375e+01 5.686999893188476562e+01 5.770000076293945312e+01 5.870999908447265625e+01
1.040999984741210938e+02 1.028000030517578125e+02 1.010999984741210938e+02 9.927999877929687500e+01 9.744999694824218750e+01 9.561000061035156250e+01 9.376999664306640625e+01 9.193000030517578125e+01 9.009999847412109375e+01 8.827999877929687500e+01 8.645999908447265625e+01 8.466000366210937500e+01 8.287999725341796875e+01 8.112000274658203125e+01 7.937999725341796875e+01 7.766000366210937500e+01 7.598000335693359375e+01 7.431999969482421875e+01 7.269999694824218750e+01 7.108999633789062500e+01 6.947000122070312500e+01 6.786000061035156250e+01 6.626000213623046875e+01 6.470999908447265625e+01 6.322000122070312500e+01 6.181000137329101562e+01 6.049000167846679688e+01 5.927000045776367188e+01 5.816999816894531250e+01 5.720999908447265625e+01 5.645000076293945312e+01 5.595999908447265625e+01 5.588000106811523438e+01 5.625000000000000000e+01 5.700000000000000000e+01 5.800000000000000000e+01 5.915999984741210938e+01
1.031999969482421875e+02 1.020000000000000000e+02 1.005000000000000000e+02 9.888999938964843750e+01 9.715000152587890625e+01 9.537000274658203125e+01 9.356999969482421875e+01 9.176000213623046875e+01 8.994999694824218750e+01 8.813999938964843750e+01 8.633999633789062500e+01 8.455999755859375000e+01 8.277999877929687500e+01 8.102999877929687500e+01 7.929000091552734375e+01 7.758000183105468750e+01 7.588999938964843750e+01 7.423000335693359375e+01 7.258999633789062500e+01 7.098000335693359375e+01 6.937000274658203125e+01 6.777999877929687500e+01 6.620999908447265625e+01 6.469000244140625000e+01 6.322999954223632812e+01 6.184000015258789062e+01 6.052999877929687500e+01 5.931000137329101562e+01 5.818999862670898438e+01 5.718999862670898438e+01 5.634000015258789062e+01 5.572000122070312500e+01 5.561000061035156250e+01 5.616999816894531250e+01 5.715000152587890625e+01 5.834000015258789062e+01 5.963999938964843750e+01
1.021999969482421875e+02 1.011999969482421875e+02 9.984999847412109375e+01 9.833000183105468750e+01 9.669999694824218750e+01 9.500000000000000000e+01 9.326000213623046875e+01 9.148999786376953125e+01 8.972000122070312500e+01 8.794000244140625000e+01 8.616000366210937500e+01 8.438999938964843750e+01 8.262999725341796875e+01 8.088999938964843750e+01 7.916000366210937500e+01 7.744999694824218750e+01 7.576999664306640625e+01 7.411000061035156250e+01 7.247000122070312500e+01 7.086000061035156250e+01 6.926000213623046875e+01 6.769000244140625000e+01 6.616000366210937500e+01 6.466999816894531250e+01 6.324000167846679688e+01 6.188000106811523438e+01 6.059999847412109375e+01 5.940000152587890625e+01 5.829999923706054688e+01 5.727999877929687500e+01 5.636999893188476562e+01 5.556999969482421875e+01 5.522999954223632812e+01 5.620000076293945312e+01 5.745000076293945312e+01 5.879000091552734375e+01 6.020000076293945312e+01
1.013000030517578125e+02 1.003000030517578125e+02 9.908999633789062500e+01 9.768000030517578125e+01 9.615000152587890625e+01 9.452999877929687500e+01 9.286000061035156250e+01 9.115000152587890625e+01 8.941999816894531250e+01 8.766999816894531250e+01 8.593000030517578125e+01 8.418000030517578125e+01 8.244000244140625000e+01 8.070999908447265625e+01 7.898999786376953125e+01 7.730000305175781250e+01 7.562000274658203125e+01 7.397000122070312500e+01 7.233000183105468750e+01 7.073000335693359375e+01 6.915000152587890625e+01 6.759999847412109375e+01 6.609999847412109375e+01 6.465000152587890625e+01 6.325999832153320312e+01 6.195000076293945312e+01 6.070999908447265625e+01 5.956999969482421875e+01 5.852000045776367188e+01 5.756000137329101562e+01 5.672000122070312500e+01 5.602999877929687500e+01 5.583000183105468750e+01 5.675000000000000000e+01 5.802999877929687500e+01 5.940999984741210938e+01 6.086999893188476562e+01
1.005000000000000000e+02 9.948999786376953125e+01 9.831999969482421875e+01 9.698999786376953125e+01 9.554000091552734375e+01 9.400000000000000000e+01 9.238999938964843750e+01 9.073999786376953125e+01 8.905999755859375000e+01 8.736000061035156250e+01 8.563999938964843750e+01 8.391999816894531250e+01 8.220999908447265625e+01 8.050000000000000000e+01 7.880000305175781250e+01 7.711000061035156250e+01 7.544999694824218750e+01 7.380000305175781250e+01 7.219000244140625000e+01 7.058999633789062500e+01 6.904000091552734375e+01 6.751999664306640625e+01 6.605000305175781250e+01 6.463999938964843750e+01 6.329999923706054688e+01 6.204000091552734375e+01 6.086999893188476562e+01 5.979999923706054688e+01 5.884000015258789062e+01 5.802000045776367188e+01 5.736000061035156250e+01 5.697000122070312500e+01 5.704999923706054688e+01 5.775000000000000000e+01 5.886999893188476562e+01 6.018999862670898438e+01 6.163999938964843750e+01
9.962999725341796875e+01 9.866999816894531250e+01 9.754000091552734375e+01 9.627999877929687500e+01 9.490000152587890625e+01 9.343000030517578125e+01 9.187999725341796875e+01 9.029000091552734375e+01 8.866000366210937500e+01 8.700000000000000000e+01 8.531999969482421875e+01 8.362999725341796875e+01 8.194000244140625000e+01 8.025000000000000000e+01 7.858000183105468750e+01 7.691000366210937500e+01 7.526000213623046875e+01 7.362999725341796875e+01 7.202999877929687500e+01 7.045999908447265625e+01 6.891999816894531250e+01 6.743000030517578125e+01 6.600000000000000000e+01 6.462999725341796875e+01 6.334000015258789062e+01 6.215000152587890625e+01 6.104999923706054688e+01 6.008000183105468750e+01 5.924000167846679688e+01 5.856999969482421875e+01 5.811000061035156250e+01 5.793999862670898438e+01 5.815999984741210938e+01 5.881000137329101562e+01 5.981999969482421875e+01 6.106999969482421875e+01 6.247999954223632812e+01
9.881999969482421875e+01 9.787000274658203125e+01 9.677999877929687500e+01 9.556999969482421875e+01 9.425000000000000000e+01 9.283999633789062500e+01 9.134999847412109375e+01 8.980999755859375000e+01 8.822000122070312500e+01 8.661000061035156250e+01 8.497000122070312500e+01 8.330999755859375000e+01 8.165000152587890625e+01 7.998999786376953125e+01 7.833000183105468750e+01 7.669000244140625000e+01 7.505999755859375000e+01 7.344999694824218750e+01 7.186000061035156250e+01 7.030999755859375000e+01 6.880999755859375000e+01 6.734999847412109375e+01 6.594999694824218750e+01 6.462999725341796875e+01 6.338999938964843750e+01 6.225999832153320312e+01 6.125000000000000000e+01 6.036999893188476562e+01 5.965999984741210938e+01 5.913999938964843750e+01 5.884000015258789062e+01 5.883000183105468750e+01 5.915000152587890625e+01 5.981000137329101562e+01 6.077999877929687500e+01 6.197999954223632812e+01 6.334999847412109375e+01
9.804000091552734375e+01 9.709999847412109375e+01 9.605000305175781250e+01 9.487000274658203125e+01 9.359999847412109375e+01 9.223999786376953125e+01 9.080000305175781250e+01 8.930999755859375000e+01 8.776999664306640625e+01 8.619999694824218750e+01 8.458999633789062500e+01 8.297000122070312500e+01 8.133999633789062500e+01 7.970999908447265625e+01 7.808000183105468750e+01 7.645999908447265625e+01 7.484999847412109375e+01 7.326000213623046875e+01 7.169999694824218750e+01 7.016999816894531250e+01 6.868000030517578125e+01 6.725000000000000000e+01 6.588999938964843750e+01 6.461000061035156250e+01 6.343000030517578125e+01 6.236000061035156250e+01 6.143000030517578125e+01 6.065000152587890625e+01 6.004999923706054688e+01 5.965999984741210938e+01 5.950999832153320312e+01 5.961999893188476562e+01 6.002999877929687500e+01 6.072000122070312500e+01 6.168000030517578125e+01 6.284999847412109375e+01 6.419999694824218750e+01
9.729000091552734375e+01 9.637000274658203125e+01 9.533000183105468750e+01 9.419000244140625000e+01 9.295999908447265625e+01 9.163999938964843750e+01 9.025000000000000000e+01 8.880000305175781250e+01 8.730999755859375000e+01 8.576999664306640625e+01 8.420999908447265625e+01 8.262999725341796875e+01 8.102999877929687500e+01 7.941999816894531250e+01 7.781999969482421875e+01 7.622000122070312500e+01 7.462999725341796875e+01 7.305999755859375000e+01 7.151999664306640625e+01 7.001999664306640625e+01 6.855999755859375000e+01 6.716000366210937500e+01 6.583000183105468750e+01 6.458000183105468750e+01 6.345000076293945312e+01 6.243000030517578125e+01 6.156999969482421875e+01 6.088000106811523438e+01 6.038999938964843750e+01 6.011999893188476562e+01 6.008000183105468750e+01 6.029999923706054688e+01 6.079000091552734375e+01 6.152000045776367188e+01 6.250000000000000000e+01 6.366999816894531250e+01 6.501000213623046875e+01
9.656999969482421875e+01 9.565000152587890625e+01 9.463999938964843750e+01 9.352999877929687500e+01 9.233000183105468750e+01 9.105000305175781250e+01 8.970999908447265625e+01 8.830000305175781250e+01 8.683999633789062500e+01 8.534999847412109375e+01 8.381999969482421875e+01 8.226999664306640625e+01 8.069999694824218750e+01 7.912999725341796875e+01 7.755000305175781250e+01 7.598000335693359375e+01 7.441000366210937500e+01 7.287000274658203125e+01 7.134999847412109375e+01 6.987000274658203125e+01 6.843000030517578125e+01 6.705000305175781250e+01 6.575000000000000000e+01 6.454000091552734375e+01 6.343999862670898438e+01 6.247000122070312500e+01 6.166999816894531250e+01 6.106000137329101562e+01 6.065999984741210938e+01 6.049000167846679688e+01 6.056000137329101562e+01 6.088000106811523438e+01 6.143999862670898438e+01 6.222999954223632812e+01 6.322999954223632812e+01 6.441999816894531250e+01 6.576999664306640625e+01
