geoist/pfm/test/Demogrid.grd
DSAA
100 78
0 9
0 7
25.000000044055 104.90792713778
[rows 0 to 33 of 78, columns 0 to 77 of 100]
90.72 90.07 88.98 87.83 86.64 85.42 84.18 82.91 81.62 80.31 78.98 77.63 76.27 74.9 73.52 72.13 70.74 69.35 67.96 66.58 65.2 63.84 62.48 61.15 59.84 58.55 57.28 56.05 54.85 53.69 52.58 51.5 50.48 49.5 48.58 47.7 46.88 46.1 45.36 45.67 47.04 48.42 49.82 51.23 52.63 54.02 55.4 56.75 58.07 59.35 60.59 61.78 62.93 64.04 64.83 63.1 61.34 59.56 57.75 55.94 54.13 52.33 50.54 48.76 47.02 45.3 43.62 41.96 40.32 41.47 43.32 45.16 46.97 48.75 50.46 52.08 53.6 55
91.17 90.4 89.41 88.28 87.1 85.88 84.62 83.34 82.03 80.7 79.35 77.98 76.6 75.2 73.79 72.38 70.97 69.55 68.14 66.73 65.33 63.94 62.56 61.21 59.87 58.56 57.28 56.03 54.82 53.65 52.53 51.45 50.44 49.48 48.58 47.75 47 46.36 45.98 46.33 47.42 48.73 50.13 51.55 52.97 54.39 55.79 57.16 58.49 59.77 61 62.15 63.19 64.02 64.17 63.14 61.59 59.88 58.11 56.31 54.5 52.71 50.93 49.18 47.48 45.84 44.28 42.91 42.11 42.72 44.24 46 47.8 49.59 51.32 52.93 54.32 55.19
91.56 90.74 89.77 88.68 87.52 86.3 85.05 83.75 82.43 81.09 79.72 78.33 76.92 75.5 74.08 72.64 71.2 69.76 68.32 66.89 65.47 64.06 62.66 61.28 59.92 58.6 57.3 56.04 54.82 53.64 52.52 51.46 50.47 49.55 48.71 47.97 47.36 46.94 46.85 47.24 48.12 49.29 50.6 51.99 53.4 54.81 56.2 57.56 58.87 60.11 61.26 62.29 63.12 63.62 63.55 62.78 61.52 59.98 58.32 56.59 54.84 53.09 51.37 49.7 48.1 46.62 45.33 44.35 43.97 44.43 45.59 47.12 48.8 50.51 52.17 53.67 54.89 55.6
91.95 91.1 90.13 89.07 87.92 86.72 85.46 84.16 82.83 81.47 80.08 78.68 77.25 75.81 74.36 72.91 71.45 69.98 68.52 67.07 65.62 64.19 62.77 61.37 60 58.66 57.35 56.08 54.85 53.68 52.57 51.52 50.56 49.69 48.93 48.3 47.84 47.6 47.67 48.11 48.9 49.96 51.19 52.52 53.89 55.28 56.64 57.97 59.23 60.4 61.45 62.33 62.97 63.26 63.09 62.42 61.34 59.98 58.44 56.81 55.14 53.47 51.83 50.27 48.82 47.53 46.48 45.8 45.63 46.05 47.02 48.35 49.88 51.48 53.05 54.46 55.56 56.22
92.35 91.48 90.52 89.46 88.33 87.12 85.87 84.57 83.23 81.85 80.45 79.03 77.59 76.13 74.66 73.18 71.7 70.21 68.73 67.25 65.79 64.33 62.9 61.48 60.1 58.74 57.42 56.14 54.91 53.74 52.64 51.62 50.69 49.88 49.2 48.67 48.34 48.24 48.42 48.9 49.67 50.67 51.84 53.11 54.44 55.79 57.12 58.4 59.6 60.69 61.64 62.38 62.87 63.02 62.79 62.17 61.19 59.95 58.53 57 55.42 53.84 52.3 50.85 49.54 48.43 47.59 47.11 47.07 47.5 48.37 49.56 50.97 52.47 53.97 55.32 56.4 57.04
92.78 91.9 90.92 89.87 88.74 87.54 86.28 84.97 83.62 82.24 80.83 79.38 77.92 76.45 74.96 73.46 71.95 70.45 68.95 67.45 65.97 64.49 63.04 61.61 60.21 58.84 57.51 56.23 55 53.83 52.74 51.74 50.85 50.09 49.47 49.04 48.82 48.83 49.1 49.63 50.4 51.37 52.5 53.74 55.03 56.33 57.62 58.85 60 61.02 61.87 62.51 62.88 62.93 62.65 62.03 61.11 59.96 58.62 57.18 55.69 54.2 52.75 51.41 50.22 49.26 48.58 48.24 48.3 48.76 49.58 50.69 52.01 53.44 54.88 56.24 57.37 58.04
93.23 92.33 91.36 90.3 89.16 87.96 86.7 85.39 84.03 82.63 81.2 79.74 78.27 76.77 75.26 73.74 72.22 70.69 69.17 67.66 66.16 64.67 63.2 61.76 60.34 58.96 57.63 56.34 55.11 53.94 52.86 51.88 51.01 50.29 49.73 49.38 49.25 49.35 49.7 50.28 51.08 52.06 53.17 54.38 55.64 56.91 58.16 59.35 60.45 61.41 62.19 62.74 63.02 63 62.66 62.03 61.13 60.02 58.75 57.38 55.96 54.54 53.17 51.91 50.83 49.97 49.41 49.19 49.32 49.82 50.63 51.7 52.95 54.32 55.72 57.09 58.36 59.22
93.7 92.8 91.81 90.75 89.61 88.4 87.13 85.81 84.44 83.03 81.58 80.11 78.61 77.1 75.57 74.03 72.49 70.95 69.41 67.88 66.36 64.86 63.37 61.92 60.49 59.1 57.76 56.47 55.23 54.07 52.99 52.02 51.17 50.47 49.96 49.66 49.61 49.8 50.23 50.88 51.72 52.72 53.83 55.03 56.27 57.52 58.74 59.9 60.96 61.88 62.61 63.1 63.31 63.21 62.82 62.15 61.25 60.15 58.92 57.59 56.22 54.86 53.55 52.35 51.33 50.55 50.07 49.94 50.16 50.7 51.53 52.57 53.78 55.08 56.42 57.74 58.99 59.91
94.2 93.29 92.3 91.22 90.08 88.86 87.58 86.24 84.86 83.43 81.97 80.48 78.97 77.43 75.88 74.33 72.77 71.21 69.65 68.1 66.57 65.05 63.56 62.09 60.66 59.26 57.91 56.61 55.38 54.21 53.14 52.16 51.31 50.62 50.13 49.89 49.9 50.18 50.7 51.43 52.33 53.36 54.49 55.69 56.92 58.15 59.35 60.49 61.53 62.43 63.13 63.59 63.75 63.57 63.1 62.38 61.45 60.35 59.13 57.83 56.5 55.17 53.9 52.73 51.73 50.98 50.56 50.51 50.82 51.44 52.29 53.33 54.49 55.73 56.97 58.16 59.17 59.78
94.73 93.81 92.81 91.72 90.56 89.34 88.04 86.69 85.29 83.85 82.37 80.86 79.32 77.77 76.2 74.63 73.05 71.47 69.9 68.34 66.79 65.26 63.76 62.28 60.84 59.44 58.08 56.78 55.54 54.38 53.3 52.31 51.45 50.75 50.26 50.03 50.12 50.51 51.13 51.95 52.92 53.99 55.15 56.36 57.59 58.81 60 61.13 62.15 63.05 63.76 64.22 64.33 64.07 63.5 62.7 61.72 60.6 59.39 58.1 56.79 55.48 54.23 53.07 52.06 51.28 50.87 50.92 51.35 52.06 52.96 54 55.12 56.29 57.43 58.47 59.31 59.8
95.28 94.35 93.34 92.25 91.07 89.83 88.52 87.15 85.73 84.27 82.77 81.24 79.68 78.11 76.53 74.93 73.34 71.75 70.16 68.58 67.02 65.48 63.96 62.48 61.03 59.63 58.27 56.97 55.73 54.57 53.49 52.49 51.61 50.87 50.34 50.11 50.27 50.79 51.55 52.47 53.51 54.64 55.82 57.04 58.28 59.5 60.68 61.79 62.81 63.7 64.45 64.96 65.06 64.65 63.95 63.06 62.04 60.9 59.67 58.4 57.1 55.81 54.57 53.4 52.35 51.49 51.02 51.22 51.82 52.63 53.57 54.61 55.71 56.81 57.86 58.79 59.52 59.96
95.86 94.92 93.9 92.79 91.61 90.34 89.01 87.62 86.18 84.69 83.17 81.62 80.04 78.45 76.85 75.24 73.63 72.02 70.42 68.83 67.26 65.7 64.18 62.69 61.24 59.83 58.48 57.18 55.95 54.79 53.71 52.72 51.83 51.04 50.41 50.1 50.38 51.1 52.01 53.03 54.13 55.3 56.52 57.75 58.99 60.21 61.38 62.47 63.48 64.36 65.1 65.69 65.84 65.19 64.39 63.45 62.38 61.22 59.99 58.71 57.43 56.16 54.93 53.78 52.73 51.8 51 51.61 52.35 53.21 54.18 55.22 56.29 57.34 58.33 59.18 59.84 60.26
96.46 95.52 94.49 93.36 92.16 90.87 89.51 88.1 86.63 85.12 83.57 82 80.4 78.79 77.17 75.54 73.92 72.29 70.68 69.08 67.5 65.94 64.4 62.91 61.45 60.05 58.7 57.41 56.19 55.05 53.99 53.02 52.14 51.35 50.66 50.07 50.63 51.56 52.57 53.66 54.81 56.01 57.24 58.49 59.73 60.94 62.1 63.17 64.15 64.99 65.65 66.09 66.09 65.57 64.78 63.82 62.74 61.56 60.32 59.05 57.78 56.53 55.34 54.24 53.27 52.48 52.09 52.36 53.02 53.86 54.82 55.84 56.89 57.91 58.85 59.66 60.29 60.69
97.09 96.15 95.1 93.96 92.72 91.41 90.03 88.58 87.09 85.55 83.98 82.38 80.76 79.13 77.49 75.84 74.2 72.57 70.94 69.33 67.74 66.17 64.63 63.13 61.68 60.27 58.93 57.66 56.46 55.35 54.32 53.39 52.57 51.86 51.29 51.03 51.43 52.28 53.28 54.38 55.55 56.76 58 59.25 60.49 61.69 62.84 63.9 64.83 65.61 66.18 66.46 66.38 65.91 65.15 64.19 63.1 61.92 60.68 59.41 58.15 56.92 55.78 54.74 53.88 53.26 53.01 53.21 53.76 54.55 55.48 56.49 57.53 58.53 59.46 60.24 60.85 61.25
97.75 96.8 95.74 94.57 93.31 91.97 90.55 89.07 87.54 85.97 84.37 82.75 81.11 79.45 77.8 76.14 74.48 72.84 71.2 69.58 67.98 66.4 64.86 63.36 61.9 60.5 59.17 57.92 56.74 55.67 54.69 53.83 53.1 52.52 52.14 52.08 52.45 53.17 54.11 55.19 56.34 57.55 58.79 60.04 61.28 62.47 63.61 64.65 65.55 66.28 66.77 66.96 66.8 66.31 65.54 64.58 63.48 62.29 61.04 59.77 58.52 57.32 56.21 55.24 54.47 53.96 53.79 53.97 54.48 55.23 56.15 57.17 58.21 59.22 60.15 60.94 61.54 61.94
98.44 97.48 96.4 95.2 93.91 92.52 91.07 89.55 87.99 86.39 84.75 83.1 81.44 79.77 78.09 76.42 74.76 73.1 71.45 69.82 68.22 66.63 65.08 63.58 62.12 60.73 59.41 58.17 57.03 56 55.08 54.3 53.67 53.22 53 53.06 53.44 54.11 55 56.04 57.18 58.38 59.62 60.86 62.09 63.28 64.4 65.43 66.32 67.03 67.48 67.6 67.36 66.8 65.99 65 63.88 62.67 61.41 60.14 58.88 57.69 56.61 55.68 54.97 54.53 54.4 54.61 55.12 55.88 56.81 57.86 58.93 59.98 60.94 61.75 62.36 62.76
99.15 98.18 97.08 95.85 94.51 93.08 91.58 90.02 88.42 86.78 85.12 83.44 81.76 80.07 78.38 76.69 75.01 73.35 71.7 70.06 68.45 66.86 65.31 63.79 62.34 60.95 59.64 58.42 57.31 56.32 55.47 54.76 54.23 53.9 53.79 53.94 54.36 55.03 55.89 56.91 58.04 59.23 60.46 61.7 62.92 64.1 65.22 66.24 67.13 67.85 68.31 68.38 68.02 67.37 66.49 65.46 64.31 63.08 61.79 60.5 59.24 58.04 56.96 56.05 55.36 54.95 54.86 55.1 55.65 56.46 57.45 58.55 59.69 60.81 61.82 62.67 63.32 63.72
99.89 98.91 97.77 96.5 95.11 93.63 92.08 90.48 88.83 87.16 85.46 83.76 82.05 80.34 78.64 76.94 75.26 73.59 71.93 70.3 68.68 67.08 65.52 64 62.54 61.15 59.85 58.65 57.57 56.62 55.82 55.19 54.75 54.51 54.5 54.73 55.2 55.89 56.76 57.78 58.9 60.09 61.32 62.56 63.77 64.95 66.05 67.05 67.94 68.68 69.23 69.28 68.74 67.96 67.02 65.94 64.76 63.5 62.19 60.87 59.58 58.36 57.26 56.32 55.62 55.22 55.16 55.45 56.07 56.96 58.05 59.25 60.49 61.7 62.8 63.72 64.4 64.81
100.7 99.66 98.49 97.16 95.71 94.16 92.55 90.9 89.21 87.49 85.77 84.04 82.31 80.58 78.87 77.17 75.48 73.81 72.16 70.52 68.89 67.29 65.72 64.19 62.72 61.34 60.04 58.85 57.79 56.88 56.13 55.56 55.2 55.05 55.13 55.43 55.96 56.69 57.59 58.62 59.76 60.96 62.19 63.43 64.64 65.8 66.88 67.87 68.73 69.44 69.97 69.98 69.36 68.54 67.55 66.44 65.23 63.94 62.6 61.25 59.92 58.66 57.5 56.52 55.77 55.34 55.29 55.65 56.37 57.39 58.61 59.94 61.31 62.65 63.87 64.9 65.63 66.03
101.5 100.4 99.2 97.8 96.27 94.65 92.98 91.27 89.54 87.79 86.03 84.28 82.53 80.79 79.07 77.36 75.67 74.01 72.36 70.73 69.1 67.49 65.9 64.36 62.88 61.49 60.19 59.02 57.97 57.08 56.37 55.86 55.56 55.49 55.65 56.04 56.64 57.42 58.37 59.43 60.59 61.81 63.06 64.3 65.52 66.67 67.73 68.68 69.48 70.09 70.44 70.37 69.87 69.08 68.09 66.96 65.72 64.4 63.03 61.64 60.27 58.95 57.73 56.66 55.81 55.3 55.24 55.69 56.57 57.77 59.15 60.64 62.15 63.64 65.02 66.2 67.01 67.37
102.3 101.2 99.9 98.4 96.78 95.08 93.35 91.59 89.81 88.03 86.25 84.47 82.71 80.96 79.23 77.52 75.83 74.18 72.54 70.92 69.3 67.67 66.06 64.5 63.01 61.61 60.31 59.13 58.1 57.22 56.54 56.07 55.84 55.84 56.09 56.56 57.24 58.1 59.1 60.22 61.42 62.67 63.94 65.2 66.42 67.56 68.61 69.52 70.25 70.76 70.99 70.87 70.4 69.64 68.66 67.52 66.25 64.9 63.5 62.07 60.65 59.27 57.97 56.79 55.8 55.13 55.02 55.6 56.72 58.13 59.7 61.35 63 64.63 66.18 67.58 68.54 68.77
103.1 102 100.6 98.92 97.19 95.42 93.63 91.82 90.01 88.2 86.4 84.61 82.83 81.08 79.34 77.63 75.95 74.3 72.69 71.1 69.49 67.83 66.19 64.61 63.11 61.7 60.39 59.21 58.17 57.3 56.63 56.19 56.01 56.09 56.43 57.01 57.78 58.72 59.8 60.98 62.23 63.52 64.82 66.1 67.34 68.49 69.52 70.41 71.09 71.53 71.68 71.51 71.03 70.26 69.28 68.12 66.83 65.45 64.01 62.54 61.08 59.65 58.28 57 55.84 54.91 54.61 55.46 56.91 58.57 60.31 62.08 63.85 65.58 67.24 68.8 70.08 70.01
104 102.7 101.1 99.29 97.47 95.64 93.8 91.96 90.13 88.31 86.49 84.69 82.91 81.14 79.4 77.69 76.01 74.37 72.77 71.21 69.65 67.93 66.27 64.68 63.18 61.76 60.44 59.25 58.19 57.31 56.63 56.21 56.08 56.24 56.69 57.38 58.26 59.31 60.47 61.72 63.03 64.37 65.71 67.03 68.29 69.45 70.5 71.37 72.03 72.42 72.52 72.3 71.78 70.99 69.97 68.78 67.46 66.04 64.57 63.07 61.58 60.12 58.72 57.39 56.16 55.03 54 55.65 57.38 59.18 61.02 62.87 64.71 66.47 68.13 69.58 70.58 70.89
104.9 103.1 101.3 99.42 97.56 95.71 93.85 92 90.16 88.33 86.51 84.71 82.92 81.16 79.42 77.7 76.02 74.37 72.76 71.18 69.58 67.92 66.29 64.71 63.21 61.79 60.47 59.26 58.18 57.27 56.57 56.13 56.03 56.29 56.87 57.7 58.71 59.87 61.13 62.45 63.83 65.22 66.61 67.97 69.26 70.46 71.53 72.42 73.08 73.45 73.51 73.24 72.66 71.82 70.75 69.51 68.15 66.69 65.19 63.66 62.15 60.69 59.3 58.02 56.89 56.01 55.76 56.7 58.25 60.02 61.86 63.74 65.59 67.35 68.96 70.3 71.23 71.68
104.1 102.8 101.1 99.28 97.45 95.61 93.77 91.93 90.1 88.28 86.46 84.66 82.88 81.12 79.38 77.66 75.98 74.32 72.7 71.09 69.47 67.86 66.26 64.71 63.22 61.81 60.49 59.27 58.17 57.21 56.45 55.96 55.88 56.25 57 58 59.16 60.43 61.78 63.19 64.64 66.09 67.53 68.93 70.27 71.51 72.62 73.55 74.24 74.63 74.66 74.32 73.66 72.74 71.6 70.3 68.88 67.39 65.85 64.3 62.78 61.33 60 58.82 57.88 57.3 57.32 58.07 59.39 61.02 62.82 64.68 66.52 68.27 69.84 71.13 72.05 72.56
103.2 102 100.5 98.89 97.15 95.37 93.57 91.76 89.95 88.14 86.34 84.56 82.78 81.03 79.29 77.58 75.89 74.23 72.59 70.98 69.37 67.78 66.21 64.69 63.23 61.84 60.53 59.31 58.19 57.19 56.34 55.72 55.61 56.17 57.15 58.34 59.64 61.02 62.47 63.95 65.45 66.96 68.45 69.9 71.29 72.58 73.76 74.76 75.52 75.95 75.96 75.53 74.76 73.73 72.51 71.14 69.66 68.12 66.54 64.97 63.45 62.02 60.74 59.67 58.89 58.52 58.66 59.37 60.56 62.1 63.84 65.67 67.51 69.26 70.83 72.12 73.06 73.59
102.2 101.2 99.85 98.33 96.7 95 93.26 91.49 89.72 87.94 86.16 84.39 82.63 80.89 79.16 77.45 75.77 74.11 72.47 70.86 69.26 67.69 66.16 64.67 63.24 61.88 60.6 59.4 58.3 57.28 56.37 55.57 55.23 56.2 57.45 58.79 60.2 61.67 63.18 64.73 66.29 67.84 69.38 70.88 72.31 73.66 74.9 75.99 76.87 77.41 77.4 76.83 75.9 74.76 73.44 72 70.47 68.87 67.25 65.65 64.12 62.7 61.46 60.47 59.8 59.55 59.78 60.49 61.65 63.14 64.85 66.69 68.55 70.33 71.94 73.27 74.23 74.78
101.3 100.3 99.09 97.68 96.15 94.53 92.86 91.15 89.42 87.67 85.93 84.18 82.44 80.71 78.99 77.3 75.62 73.97 72.33 70.73 69.15 67.6 66.1 64.65 63.26 61.95 60.71 59.57 58.52 57.56 56.72 56.03 55.83 56.75 58.03 59.41 60.87 62.38 63.94 65.53 67.14 68.73 70.31 71.85 73.32 74.71 76 77.16 78.17 78.96 78.94 78.09 77.02 75.77 74.38 72.88 71.29 69.64 67.97 66.33 64.77 63.34 62.11 61.15 60.55 60.38 60.67 61.42 62.59 64.09 65.83 67.7 69.61 71.46 73.16 74.58 75.58 76.11
100.5 99.49 98.32 96.99 95.54 94 92.39 90.74 89.06 87.36 85.64 83.92 82.21 80.5 78.8 77.11 75.45 73.8 72.19 70.59 69.04 67.52 66.05 64.64 63.3 62.04 60.87 59.8 58.84 58.02 57.36 56.97 57.05 57.75 58.87 60.19 61.64 63.17 64.75 66.36 68 69.63 71.23 72.8 74.3 75.72 77.03 78.21 79.23 80.01 79.98 79.12 78.02 76.74 75.31 73.76 72.11 70.41 68.69 67 65.38 63.91 62.65 61.68 61.1 60.97 61.32 62.14 63.37 64.93 66.72 68.65 70.64 72.6 74.44 76.01 77.1 77.56
99.63 98.67 97.54 96.28 94.9 93.43 91.88 90.29 88.66 87 85.32 83.63 81.94 80.25 78.58 76.91 75.26 73.63 72.03 70.46 68.92 67.43 66 64.63 63.34 62.15 61.05 60.08 59.24 58.57 58.11 57.94 58.16 58.81 59.82 61.07 62.48 64 65.58 67.21 68.86 70.51 72.15 73.73 75.25 76.68 77.98 79.11 80.02 80.57 80.53 79.9 78.9 77.65 76.21 74.63 72.94 71.18 69.4 67.64 65.96 64.41 63.08 62.05 61.43 61.31 61.73 62.65 63.99 65.64 67.52 69.54 71.61 73.68 75.67 77.5 78.79 79.05
98.82 97.87 96.78 95.57 94.25 92.84 91.35 89.81 88.22 86.61 84.97 83.31 81.65 79.99 78.33 76.69 75.06 73.45 71.86 70.31 68.81 67.35 65.95 64.63 63.39 62.26 61.25 60.37 59.66 59.14 58.84 58.83 59.15 59.81 60.78 61.98 63.35 64.85 66.42 68.06 69.72 71.39 73.04 74.65 76.18 77.6 78.88 79.96 80.77 81.21 81.18 80.66 79.76 78.55 77.12 75.51 73.78 71.97 70.12 68.28 66.51 64.86 63.41 62.26 61.54 61.4 61.9 62.97 64.46 66.25 68.23 70.34 72.49 74.63 76.7 78.65 80.15 80.24
98.04 97.1 96.05 94.87 93.6 92.24 90.8 89.31 87.77 86.2 84.59 82.97 81.34 79.71 78.08 76.46 74.85 73.26 71.7 70.17 68.68 67.25 65.89 64.61 63.43 62.36 61.43 60.65 60.05 59.66 59.51 59.62 60.03 60.72 61.68 62.85 64.2 65.68 67.26 68.89 70.57 72.25 73.92 75.54 77.08 78.51 79.78 80.83 81.59 81.99 81.97 81.51 80.66 79.49 78.05 76.42 74.64 72.76 70.84 68.92 67.05 65.29 63.69 62.34 61.43 61.22 61.86 63.15 64.84 66.78 68.88 71.06 73.27 75.44 77.48 79.27 80.52 81
97.29 96.37 95.33 94.19 92.96 91.64 90.25 88.8 87.31 85.77 84.21 82.63 81.03 79.42 77.82 76.22 74.63 73.06 71.52 70.02 68.56 67.16 65.83 64.58 63.45 62.43 61.57 60.88 60.39 60.12 60.08 60.3 60.79 61.52 62.5 63.67 65.01 66.49 68.06 69.7 71.38 73.08 74.76 76.41 77.97 79.42 80.7 81.75 82.51 82.92 82.91 82.49 81.67 80.5 79.04 77.36 75.51 73.57 71.58 69.58 67.63 65.75 64 62.44 61.19 60.77 61.7 63.32 65.23 67.3 69.49 71.74 73.98 76.15 78.15 79.84 81.06 81.7
96.57 95.65 94.64 93.53 92.33 91.05 89.71 88.3 86.84 85.35 83.82 82.27 80.7 79.13 77.55 75.98 74.41 72.87 71.35 69.87 68.43 67.05 65.75 64.54 63.44 62.47 61.67 61.06 60.66 60.49 60.56 60.88 61.44 62.23 63.23 64.42 65.77 67.24 68.81 70.46 72.15 73.86 75.57 77.24 78.84 80.33 81.65 82.74 83.54 83.98 84.02 83.61 82.79 81.59 80.08 78.33 76.42 74.4 72.34 70.28 68.26 66.32 64.48 62.79 61.25 60.16 61.85 63.71 65.73 67.87 70.11 72.39 74.67 76.85 78.84 80.52 81.77 82.51
