geoist/pfm/test/Demogrid.grd
DSAA
100 78
0 9
0 7
25.000000044055 104.90792713778
[rows 34 to 67 of 78, columns 0 to 77 of 100]
95.87 94.97 93.98 92.89 91.72 90.48 89.17 87.8 86.38 84.92 83.43 81.92 80.38 78.83 77.28 75.74 74.2 72.68 71.18 69.72 68.31 66.95 65.66 64.47 63.4 62.47 61.71 61.16 60.84 60.76 60.93 61.34 61.98 62.84 63.88 65.09 66.45 67.93 69.51 71.16 72.86 74.59 76.32 78.03 79.67 81.22 82.61 83.78 84.67 85.19 85.27 84.88 84.03 82.77 81.17 79.33 77.33 75.23 73.1 70.99 68.94 66.99 65.18 63.58 62.3 61.88 62.82 64.46 66.39 68.51 70.75 73.05 75.35 77.56 79.6 81.33 82.66 83.48
95.21 94.32 93.34 92.28 91.14 89.93 88.65 87.31 85.93 84.51 83.05 81.57 80.06 78.55 77.03 75.51 73.99 72.5 71.02 69.58 68.18 66.84 65.57 64.39 63.33 62.41 61.68 61.18 60.93 60.94 61.21 61.72 62.44 63.36 64.45 65.69 67.07 68.56 70.14 71.8 73.51 75.25 77.01 78.75 80.45 82.07 83.56 84.85 85.87 86.51 86.68 86.31 85.4 84.03 82.3 80.34 78.22 76.04 73.85 71.7 69.65 67.74 66.02 64.61 63.65 63.43 64.08 65.41 67.16 69.19 71.39 73.69 76.02 78.29 80.41 82.26 83.7 84.62
94.57 93.69 92.73 91.69 90.58 89.39 88.14 86.84 85.49 84.1 82.68 81.22 79.75 78.27 76.78 75.28 73.8 72.32 70.87 69.45 68.07 66.74 65.48 64.31 63.24 62.32 61.59 61.11 60.92 61.02 61.4 62.01 62.82 63.81 64.94 66.22 67.61 69.11 70.69 72.35 74.07 75.82 77.6 79.38 81.14 82.84 84.45 85.9 87.1 87.93 88.23 87.88 86.87 85.33 83.42 81.29 79.05 76.78 74.53 72.37 70.33 68.47 66.86 65.6 64.83 64.67 65.2 66.32 67.91 69.83 71.98 74.28 76.64 78.99 81.24 83.27 84.9 85.93
93.97 93.1 92.15 91.13 90.04 88.88 87.66 86.39 85.07 83.71 82.32 80.9 79.46 78 76.54 75.08 73.62 72.17 70.74 69.34 67.98 66.67 65.41 64.23 63.15 62.2 61.44 60.95 60.81 61.02 61.53 62.26 63.16 64.2 65.38 66.68 68.09 69.59 71.17 72.82 74.53 76.29 78.08 79.89 81.7 83.48 85.21 86.84 88.28 89.39 89.91 89.59 88.4 86.59 84.44 82.12 79.75 77.4 75.11 72.93 70.91 69.11 67.59 66.43 65.74 65.61 66.06 67.06 68.53 70.37 72.48 74.77 77.17 79.61 82 84.25 86.19 87.42
93.39 92.53 91.6 90.6 89.52 88.39 87.19 85.95 84.66 83.33 81.97 80.58 79.18 77.75 76.32 74.89 73.46 72.04 70.63 69.26 67.92 66.62 65.37 64.19 63.1 62.11 61.27 60.71 60.61 60.98 61.65 62.49 63.47 64.57 65.78 67.09 68.5 69.99 71.56 73.2 74.9 76.64 78.43 80.24 82.08 83.92 85.76 87.55 89.26 90.75 91.68 91.42 89.87 87.66 85.23 82.74 80.26 77.85 75.54 73.36 71.37 69.6 68.13 67.03 66.37 66.23 66.63 67.56 68.96 70.75 72.83 75.13 77.55 80.05 82.56 85.01 87.35 89.09
92.83 91.99 91.08 90.09 89.03 87.92 86.75 85.53 84.27 82.97 81.64 80.29 78.91 77.52 76.12 74.72 73.32 71.93 70.55 69.2 67.89 66.61 65.39 64.22 63.12 62.1 61.17 60.42 60.36 61 61.82 62.76 63.79 64.92 66.15 67.46 68.86 70.33 71.88 73.48 75.15 76.86 78.62 80.42 82.25 84.11 85.99 87.89 89.79 91.68 93.36 93.27 90.93 88.28 85.63 83.03 80.5 78.08 75.77 73.62 71.66 69.92 68.48 67.38 66.72 66.54 66.9 67.79 69.17 70.94 73.02 75.32 77.76 80.27 82.8 85.29 87.66 89.45
92.31 91.48 90.58 89.6 88.56 87.47 86.32 85.13 83.9 82.63 81.33 80.01 78.66 77.31 75.94 74.57 73.2 71.84 70.5 69.18 67.9 66.65 65.46 64.32 63.26 62.27 61.36 60.59 60.57 61.29 62.15 63.11 64.15 65.29 66.5 67.8 69.17 70.61 72.11 73.67 75.29 76.95 78.66 80.4 82.18 83.99 85.84 87.71 89.61 91.53 93.36 93.35 90.82 88.13 85.49 82.92 80.44 78.06 75.81 73.7 71.78 70.07 68.62 67.51 66.79 66.56 66.88 67.75 69.14 70.94 73.04 75.35 77.79 80.28 82.74 85.08 87.13 88.49
91.81 90.99 90.1 89.14 88.11 87.04 85.91 84.74 83.54 82.3 81.04 79.75 78.44 77.12 75.78 74.45 73.11 71.79 70.48 69.2 67.95 66.74 65.6 64.52 63.52 62.62 61.87 61.38 61.39 61.89 62.65 63.55 64.56 65.67 66.85 68.11 69.43 70.82 72.27 73.77 75.32 76.91 78.54 80.19 81.88 83.58 85.3 87.01 88.68 90.19 91.22 91 89.38 87.17 84.8 82.41 80.06 77.8 75.64 73.61 71.74 70.06 68.61 67.44 66.64 66.31 66.56 67.45 68.9 70.77 72.92 75.26 77.69 80.13 82.49 84.66 86.48 87.72
91.33 90.53 89.64 88.69 87.68 86.62 85.51 84.37 83.2 81.99 80.76 79.5 78.23 76.94 75.65 74.35 73.05 71.76 70.49 69.25 68.04 66.88 65.78 64.77 63.86 63.09 62.5 62.17 62.21 62.59 63.24 64.06 65.01 66.06 67.19 68.39 69.66 70.98 72.36 73.78 75.25 76.75 78.27 79.81 81.36 82.91 84.43 85.89 87.23 88.3 88.85 88.57 87.42 85.69 83.68 81.56 79.42 77.33 75.31 73.39 71.59 69.95 68.49 67.25 66.32 65.81 65.96 66.92 68.52 70.51 72.74 75.1 77.52 79.91 82.19 84.24 85.94 87.16
90.88 90.09 89.2 88.25 87.25 86.21 85.13 84.01 82.87 81.69 80.5 79.28 78.04 76.8 75.54 74.28 73.02 71.77 70.53 69.33 68.16 67.05 66.01 65.07 64.25 63.58 63.11 62.89 62.95 63.29 63.85 64.59 65.47 66.45 67.51 68.65 69.84 71.09 72.39 73.72 75.09 76.48 77.88 79.28 80.67 82.03 83.33 84.52 85.54 86.26 86.54 86.24 85.35 83.98 82.31 80.48 78.59 76.7 74.85 73.07 71.38 69.8 68.35 67.06 65.97 65.19 65.1 66.27 68.13 70.27 72.56 74.95 77.36 79.71 81.93 83.92 85.57 86.81
90.45 89.65 88.75 87.81 86.82 85.8 84.74 83.66 82.55 81.41 80.25 79.07 77.88 76.67 75.45 74.23 73.01 71.8 70.6 69.43 68.31 67.24 66.26 65.38 64.64 64.06 63.69 63.54 63.62 63.94 64.45 65.13 65.93 66.84 67.83 68.88 70 71.16 72.36 73.6 74.85 76.12 77.39 78.64 79.86 81.03 82.1 83.03 83.76 84.22 84.34 84.05 83.32 82.21 80.83 79.27 77.63 75.97 74.32 72.7 71.15 69.67 68.28 67 65.86 64.85 64 65.9 67.96 70.16 72.47 74.86 77.25 79.59 81.79 83.75 85.4 86.67
90.04 89.18 88.28 87.35 86.38 85.39 84.36 83.31 82.24 81.14 80.02 78.88 77.72 76.56 75.38 74.2 73.03 71.85 70.7 69.57 68.48 67.45 66.51 65.68 65 64.5 64.2 64.11 64.23 64.54 65.02 65.64 66.38 67.21 68.12 69.1 70.12 71.19 72.29 73.42 74.56 75.7 76.83 77.93 78.98 79.95 80.82 81.52 82.01 82.26 82.27 82.01 81.41 80.49 79.34 78.02 76.63 75.2 73.76 72.34 70.95 69.61 68.34 67.17 66.14 65.37 65.26 66.38 68.18 70.26 72.51 74.87 77.25 79.59 81.79 83.77 85.45 86.76
89.38 88.61 87.75 86.86 85.93 84.97 83.98 82.97 81.93 80.87 79.8 78.7 77.59 76.47 75.34 74.21 73.07 71.94 70.83 69.73 68.67 67.67 66.75 65.96 65.33 64.89 64.66 64.63 64.79 65.1 65.55 66.13 66.8 67.57 68.4 69.29 70.22 71.19 72.19 73.2 74.22 75.23 76.22 77.17 78.07 78.87 79.55 80.07 80.37 80.43 80.36 80.16 79.66 78.88 77.9 76.79 75.63 74.44 73.23 72.02 70.82 69.65 68.54 67.54 66.72 66.23 66.33 67.18 68.65 70.53 72.67 74.97 77.35 79.71 81.95 83.98 85.72 87.09
88.71 87.99 87.19 86.34 85.46 84.54 83.6 82.63 81.63 80.62 79.58 78.54 77.47 76.4 75.32 74.23 73.14 72.06 70.98 69.93 68.9 67.92 67.01 66.22 65.61 65.23 65.08 65.12 65.31 65.63 66.06 66.59 67.22 67.91 68.66 69.46 70.3 71.17 72.06 72.96 73.85 74.74 75.59 76.41 77.15 77.81 78.34 78.72 78.92 78.92 78.81 78.57 78.1 77.4 76.55 75.61 74.68 73.74 72.78 71.79 70.79 69.8 68.86 68.03 67.39 67.08 67.22 67.93 69.17 70.86 72.89 75.16 77.56 79.98 82.3 84.41 86.22 87.67
88.04 87.36 86.61 85.82 84.98 84.11 83.21 82.28 81.33 80.37 79.38 78.38 77.37 76.34 75.31 74.28 73.24 72.21 71.18 70.16 69.16 68.2 67.28 66.46 65.84 65.52 65.48 65.59 65.82 66.14 66.56 67.05 67.61 68.24 68.91 69.62 70.37 71.13 71.91 72.69 73.47 74.23 74.96 75.65 76.26 76.79 77.21 77.5 77.64 77.63 77.5 77.22 76.76 76.11 75.31 74.51 73.81 73.15 72.44 71.68 70.88 70.07 69.29 68.61 68.1 67.85 67.98 68.55 69.61 71.15 73.1 75.39 77.86 80.39 82.83 85.06 86.97 88.5
87.39 86.74 86.03 85.28 84.49 83.67 82.82 81.94 81.04 80.12 79.18 78.23 77.27 76.3 75.33 74.35 73.37 72.39 71.41 70.44 69.48 68.54 67.63 66.76 66.02 65.83 65.92 66.1 66.35 66.67 67.06 67.5 68.01 68.56 69.15 69.77 70.42 71.08 71.75 72.42 73.08 73.72 74.33 74.9 75.41 75.83 76.15 76.38 76.48 76.47 76.34 76.07 75.64 75.04 74.27 73.48 73.11 72.74 72.28 71.72 71.11 70.46 69.83 69.26 68.82 68.58 68.64 69.07 69.95 71.34 73.27 75.63 78.25 80.95 83.56 85.94 87.99 89.62
86.75 86.12 85.45 84.74 84 83.23 82.42 81.59 80.74 79.87 78.98 78.08 77.18 76.27 75.36 74.44 73.52 72.6 71.68 70.77 69.87 68.98 68.11 67.28 66.57 66.41 66.51 66.69 66.92 67.22 67.56 67.96 68.4 68.88 69.39 69.92 70.47 71.03 71.59 72.15 72.69 73.22 73.72 74.18 74.58 74.91 75.17 75.34 75.43 75.43 75.32 75.1 74.74 74.25 73.63 73 72.8 72.61 72.33 71.94 71.48 70.98 70.47 69.99 69.59 69.33 69.28 69.51 70.16 71.4 73.34 75.87 78.73 81.67 84.5 87.08 89.28 91.02
86.12 85.51 84.87 84.21 83.51 82.78 82.02 81.24 80.44 79.61 78.78 77.94 77.09 76.24 75.39 74.54 73.69 72.84 71.99 71.15 70.31 69.5 68.72 68.02 67.49 67.25 67.24 67.35 67.54 67.79 68.08 68.42 68.79 69.19 69.62 70.06 70.51 70.97 71.43 71.88 72.31 72.73 73.11 73.47 73.78 74.03 74.23 74.38 74.46 74.48 74.43 74.29 74.06 73.74 73.37 73.05 72.87 72.75 72.59 72.34 72.02 71.64 71.24 70.83 70.46 70.17 69.99 69.99 70.31 71.29 73.3 76.17 79.38 82.61 85.68 88.47 90.86 92.72
85.48 84.9 84.29 83.66 83.01 82.33 81.62 80.89 80.13 79.35 78.57 77.78 76.99 76.21 75.43 74.65 73.87 73.1 72.33 71.56 70.81 70.08 69.4 68.81 68.36 68.1 68.02 68.06 68.19 68.38 68.61 68.89 69.19 69.52 69.86 70.21 70.57 70.92 71.27 71.61 71.94 72.25 72.53 72.79 73.01 73.2 73.35 73.47 73.57 73.63 73.64 73.61 73.53 73.4 73.26 73.16 73.11 73.09 73.03 72.9 72.71 72.45 72.14 71.82 71.49 71.19 70.92 70.71 70.61 71.01 73.26 76.72 80.33 83.82 87.11 90.11 92.7 94.72
84.84 84.28 83.7 83.11 82.49 81.86 81.21 80.52 79.81 79.07 78.33 77.6 76.88 76.17 75.46 74.76 74.06 73.37 72.68 71.99 71.32 70.68 70.09 69.58 69.18 68.92 68.8 68.78 68.85 68.98 69.15 69.36 69.59 69.84 70.1 70.36 70.62 70.88 71.13 71.36 71.58 71.79 71.97 72.13 72.27 72.39 72.5 72.6 72.72 72.83 72.94 73.03 73.1 73.16 73.23 73.31 73.43 73.54 73.61 73.61 73.53 73.38 73.18 72.95 72.71 72.46 72.21 71.97 71.72 71.52 74.13 77.97 81.73 85.35 88.76 91.92 94.72 96.98
84.19 83.65 83.1 82.53 81.96 81.38 80.78 80.15 79.46 78.76 78.07 77.4 76.74 76.1 75.47 74.86 74.25 73.64 73.03 72.43 71.84 71.28 70.75 70.3 69.94 69.69 69.54 69.48 69.49 69.57 69.69 69.83 69.99 70.17 70.34 70.52 70.69 70.84 70.99 71.12 71.24 71.34 71.43 71.5 71.56 71.62 71.67 71.76 71.89 72.07 72.27 72.49 72.72 72.95 73.21 73.5 73.79 74.07 74.29 74.42 74.46 74.43 74.34 74.23 74.1 73.99 73.89 73.86 74 74.73 76.87 80.11 83.62 87.14 90.54 93.76 96.74 99.33
83.54 83.01 82.48 81.93 81.39 80.85 80.32 79.73 79.05 78.4 77.77 77.16 76.57 76.01 75.46 74.93 74.42 73.9 73.38 72.86 72.35 71.85 71.39 70.98 70.64 70.39 70.23 70.14 70.12 70.15 70.21 70.3 70.4 70.5 70.6 70.69 70.76 70.82 70.87 70.9 70.91 70.92 70.91 70.9 70.88 70.87 70.87 70.91 71.08 71.34 71.64 71.98 72.35 72.75 73.2 73.68 74.18 74.65 75.04 75.31 75.47 75.55 75.58 75.6 75.64 75.71 75.85 76.13 76.71 77.87 79.88 82.63 85.78 89.05 92.29 95.42 98.39 101.2
82.87 82.36 81.83 81.31 80.78 80.26 79.73 79.17 78.57 77.98 77.41 76.86 76.35 75.87 75.41 74.98 74.56 74.14 73.72 73.28 72.83 72.39 71.97 71.6 71.28 71.04 70.87 70.76 70.71 70.7 70.72 70.76 70.8 70.84 70.86 70.86 70.85 70.81 70.76 70.69 70.6 70.51 70.41 70.32 70.23 70.16 70.1 70.08 70.29 70.63 71.02 71.46 71.96 72.53 73.15 73.83 74.54 75.24 75.84 76.26 76.51 76.68 76.84 77.02 77.24 77.52 77.91 78.49 79.38 80.73 82.66 85.13 87.94 90.92 93.91 96.78 99.44 101.7
82.2 81.68 81.17 80.65 80.13 79.62 79.1 78.57 78.03 77.49 76.98 76.51 76.07 75.67 75.31 74.98 74.66 74.35 74.02 73.67 73.28 72.89 72.5 72.15 71.85 71.62 71.44 71.33 71.26 71.23 71.22 71.22 71.2 71.18 71.13 71.05 70.95 70.82 70.66 70.49 70.31 70.12 69.93 69.75 69.6 69.48 69.4 69.42 69.61 69.96 70.4 70.92 71.53 72.23 73.02 73.88 74.82 75.79 76.66 77.2 77.5 77.76 78.05 78.4 78.81 79.32 79.94 80.75 81.83 83.27 85.14 87.4 89.94 92.63 95.32 97.84 100 101.7
81.51 80.99 80.48 79.96 79.45 78.94 78.44 77.93 77.43 76.95 76.5 76.09 75.72 75.41 75.14 74.91 74.71 74.52 74.3 74.03 73.69 73.32 72.96 72.62 72.34 72.12 71.95 71.84 71.77 71.73 71.69 71.66 71.61 71.53 71.41 71.25 71.06 70.83 70.58 70.3 70.02 69.73 69.45 69.2 68.98 68.81 68.72 68.75 68.93 69.27 69.74 70.33 71.03 71.84 72.76 73.79 74.92 76.15 77.43 78.02 78.3 78.67 79.12 79.66 80.29 81.01 81.84 82.82 84.01 85.48 87.27 89.36 91.68 94.12 96.52 98.71 100.5 101.6
80.8 80.29 79.77 79.25 78.74 78.24 77.74 77.26 76.79 76.35 75.95 75.59 75.29 75.05 74.88 74.76 74.69 74.63 74.54 74.35 74.04 73.68 73.32 73 72.73 72.53 72.38 72.29 72.23 72.18 72.15 72.09 72.01 71.88 71.7 71.47 71.18 70.86 70.5 70.12 69.74 69.35 68.98 68.64 68.35 68.13 68.01 68.02 68.19 68.52 69.01 69.65 70.43 71.34 72.36 73.5 74.75 76.08 77.39 78.21 78.74 79.32 79.98 80.75 81.61 82.54 83.55 84.64 85.88 87.33 89.02 90.96 93.1 95.33 97.52 99.45 100.9 101.6
80.09 79.57 79.04 78.52 78.01 77.5 77.01 76.54 76.09 75.68 75.32 75.01 74.77 74.6 74.5 74.48 74.54 74.64 74.71 74.62 74.31 73.92 73.56 73.25 73.01 72.84 72.73 72.66 72.63 72.6 72.57 72.52 72.41 72.25 72.01 71.7 71.32 70.9 70.44 69.95 69.46 68.97 68.5 68.07 67.7 67.41 67.24 67.21 67.36 67.68 68.2 68.88 69.72 70.7 71.8 73.02 74.31 75.65 76.91 77.95 78.83 79.68 80.6 81.62 82.72 83.88 85.04 86.21 87.43 88.81 90.39 92.18 94.14 96.21 98.27 100.1 101.3 101.6
79.37 78.84 78.3 77.77 77.25 76.74 76.25 75.78 75.34 74.95 74.62 74.34 74.14 74.02 73.99 74.05 74.21 74.47 74.78 74.84 74.41 73.98 73.63 73.36 73.16 73.04 72.98 72.96 72.96 72.98 72.98 72.93 72.83 72.63 72.33 71.95 71.48 70.95 70.37 69.78 69.17 68.58 68.01 67.48 67.02 66.65 66.4 66.32 66.42 66.74 67.27 67.99 68.89 69.94 71.1 72.37 73.7 75.05 76.35 77.55 78.68 79.79 80.96 82.22 83.57 84.98 86.32 87.49 88.62 89.88 91.32 92.96 94.76 96.67 98.63 100.5 101.7 101.4
78.65 78.1 77.55 77 76.47 75.94 75.44 74.97 74.54 74.16 73.83 73.57 73.4 73.31 73.32 73.43 73.65 73.97 74.39 74.55 74.14 73.77 73.49 73.29 73.17 73.12 73.13 73.17 73.23 73.3 73.35 73.34 73.25 73.03 72.68 72.21 71.64 71 70.31 69.6 68.89 68.18 67.5 66.87 66.3 65.83 65.49 65.33 65.38 65.68 66.23 67.01 67.96 69.06 70.28 71.59 72.96 74.35 75.72 77.05 78.36 79.67 81.04 82.51 84.09 85.78 87.38 88.41 89.37 90.49 91.8 93.28 94.9 96.61 98.37 100.1 101.2 100.6
77.92 77.35 76.78 76.22 75.66 75.12 74.61 74.12 73.68 73.29 72.96 72.71 72.54 72.46 72.48 72.61 72.83 73.13 73.44 73.57 73.46 73.28 73.14 73.06 73.04 73.08 73.17 73.29 73.43 73.57 73.68 73.73 73.68 73.46 73.06 72.49 71.8 71.04 70.24 69.42 68.59 67.78 66.99 66.25 65.57 64.98 64.52 64.24 64.22 64.5 65.09 65.92 66.95 68.11 69.38 70.73 72.14 73.57 75.01 76.44 77.87 79.33 80.85 82.45 84.15 85.99 87.8 88.69 89.58 90.63 91.82 93.15 94.58 96.04 97.46 98.67 99.28 99
77.19 76.6 76.01 75.42 74.84 74.28 73.74 73.23 72.76 72.36 72.01 71.75 71.57 71.49 71.5 71.62 71.82 72.08 72.34 72.51 72.58 72.59 72.61 72.67 72.78 72.93 73.11 73.32 73.54 73.76 73.96 74.1 74.12 73.93 73.45 72.76 71.94 71.06 70.14 69.21 68.28 67.37 66.47 65.62 64.83 64.11 63.51 63.08 62.94 63.2 63.86 64.78 65.88 67.1 68.42 69.8 71.24 72.72 74.21 75.72 77.24 78.79 80.39 82.04 83.75 85.47 87.02 88.21 89.24 90.29 91.42 92.62 93.85 95.06 96.16 96.98 97.34 97.11
76.47 75.85 75.24 74.62 74.01 73.41 72.83 72.3 71.8 71.36 70.99 70.7 70.5 70.39 70.39 70.48 70.66 70.9 71.16 71.39 71.59 71.77 71.95 72.16 72.39 72.66 72.95 73.26 73.57 73.87 74.15 74.39 74.54 74.44 73.83 72.97 72.02 71.03 70.01 68.99 67.96 66.95 65.96 65.01 64.11 63.28 62.53 61.91 61.55 61.81 62.62 63.65 64.81 66.07 67.42 68.84 70.3 71.81 73.34 74.9 76.47 78.07 79.7 81.35 83.01 84.62 86.1 87.37 88.5 89.58 90.66 91.75 92.81 93.8 94.64 95.21 95.41 95.18
75.75 75.11 74.46 73.81 73.16 72.52 71.91 71.33 70.79 70.31 69.9 69.57 69.33 69.19 69.16 69.23 69.39 69.63 69.92 70.22 70.54 70.86 71.19 71.54 71.91 72.3 72.7 73.1 73.5 73.87 74.21 74.52 74.78 75 74.04 73.04 72 70.93 69.84 68.73 67.62 66.53 65.46 64.42 63.43 62.51 61.66 60.9 60.24 60.54 61.51 62.6 63.78 65.05 66.41 67.84 69.32 70.85 72.41 73.99 75.59 77.21 78.84 80.47 82.07 83.61 85.04 86.33 87.5 88.59 89.63 90.63 91.55 92.37 93.01 93.41 93.5 93.25
75.05 74.38 73.69 73 72.31 71.63 70.97 70.33 69.74 69.21 68.75 68.37 68.08 67.9 67.83 67.88 68.03 68.28 68.61 69 69.42 69.88 70.35 70.85 71.35 71.87 72.37 72.87 73.34 73.77 74.14 74.44 74.61 74.5 73.85 72.91 71.87 70.76 69.61 68.44 67.27 66.1 64.96 63.86 62.81 61.84 60.97 60.23 59.77 59.94 60.69 61.68 62.81 64.06 65.41 66.83 68.32 69.85 71.42 73.01 74.62 76.24 77.85 79.45 81 82.49 83.89 85.17 86.34 87.42 88.41 89.33 90.14 90.82 91.32 91.6 91.61 91.34
